p 5 3 1 5
n 1 1 ? ?
n 1 2 ? ?
n 1 3 ? ?
n 1 4 ? ?
n 1 5 ? ?
n 2 1 4 A
n 2 2 1 C
n 2 3 2 D
n 2 4 5 B
n 2 5 1 E
n 3 1 1 A
n 3 2 3 B
n 3 3 4 E
n 3 4 3 E
n 3 5 1 E
j 3 8 0 0 0 0 0
t 1
i 2 1 0 1 0 0 1
j 3 7 0 0 0 0 0
t 2
i 1 1 0 1 0 0 1
j 3 6 0 0 0 0 0
t 3
I 1 C 0 1 0 0 0
j 3 5 0 0 0 0 0
m
r
t 1
n 1 2 ? ?
j 3 5 0 0 1 0 0
t 2
I 1 B 0 0 0 0 1
j 3 4 0 0 1 0 0
t 3
I 2 E 0 0 0 0 1
j 3 3 0 0 1 0 0
m
r
t 1
n 1 5 ? ?
j 3 3 0 1 1 0 0
t 2
n 2 5 4 D
j 3 3 0 1 1 0 1
t 3
i 1 2 0 0 1 1 0
j 3 2 0 1 1 0 1
m
r
t 1
i 3 1 1 0 0 0 1
j 3 1 0 1 1 0 1
t 2
I 1 E 1 0 0 1 0
j 3 0 0 1 1 0 1
t 3
n 3 1 2 B
j 3 1 0 1 1 0 1
m
r
t 1
n 1 4 ? ?
j 3 1 0 1 1 0 2
t 2
i 1 3 1 0 0 0 1
j 3 0 0 1 1 0 2
t 3
n 3 1 5 C
j 3 1 0 1 1 0 2
m
r
t 1
n 1 1 ? ?
j 3 1 0 1 1 0 3
t 2
i 1 1 1 0 0 0 0
j 3 0 0 1 1 0 3
t 3
n 3 1 4 B
j 3 1 0 1 1 0 3
m
r
t 1
i 3 4 1 0 1 0 0
j 3 0 0 1 1 0 3
t 2
n 2 1 3 C
j 3 1 0 1 1 0 3
t 3
I 1 A 1 1 1 0 0
j 3 0 0 1 1 0 3
m
r
t 1
n 1 1 ? ?
j 3 0 1 1 1 0 3
t 2
n 2 1 5 D
j 3 1 1 1 1 0 3
t 3
n 3 1 4 B
j 3 2 1 1 1 0 3
m
r
t 1
n 1 3 ? ?
j 3 2 2 1 1 0 3
t 2
I 3 E 0 0 1 1 1
j 3 1 2 1 1 0 3
t 3
n 3 3 1 B
j 3 1 2 1 1 0 4
m
r
t 1
n 1 1 ? ?
j 3 2 2 1 1 0 4
t 2
i 1 5 0 1 0 1 0
j 3 1 2 1 1 0 4
t 3
I 1 E 1 0 0 1 0
j 3 0 2 1 1 0 4
m
r
t 1
n 1 4 ? ?
j 3 1 2 1 1 0 5
t 2
n 2 1 3 B
j 3 2 2 1 1 0 5
t 3
n 3 1 1 D
j 3 3 2 1 1 0 5
m
r
t 1
i 3 1 1 0 1 0 1
j 3 2 2 1 1 0 5
t 2
I 3 D 1 0 0 0 0
j 3 1 2 1 1 0 5
t 3
n 3 1 1 D
j 3 1 2 1 1 1 5
m
r
t 1
i 2 2 0 0 1 0 0
j 3 0 2 1 1 1 5
t 2
n 2 1 1 E
j 3 1 2 1 1 1 5
t 3
I 2 D 0 0 1 0 1
j 3 0 2 1 1 1 5
m
r
t 1
n 1 1 ? ?
j 3 1 2 1 1 1 5
t 2
n 2 3 4 A
j 3 1 2 1 1 2 5
t 3
I 1 D 0 0 0 0 1
j 3 0 2 1 1 2 5
m
r
t 1
n 1 5 ? ?
j 3 0 2 1 1 3 5
t 2
n 2 1 3 D
j 3 1 2 1 1 3 5
t 3
i 1 3 0 0 1 0 1
j 3 0 2 1 1 3 5
m
r
t 1
n 1 1 ? ?
j 3 1 2 1 1 3 5
t 2
I 1 A 1 1 0 1 1
j 3 0 2 1 1 3 5
t 3
n 3 1 4 C
j 3 1 2 1 1 3 5
m
r
t 1
n 1 5 ? ?
j 3 1 3 1 1 3 5
t 2
i 1 2 1 0 0 0 1
j 3 0 3 1 1 3 5
t 3
n 3 1 2 C
j 3 1 3 1 1 3 5
m
r
t 1
i 2 4 0 0 1 0 1
j 3 0 3 1 1 3 5
t 2
n 2 5 4 D
j 3 0 3 1 1 4 5
t 3
n 3 1 2 B
j 3 1 3 1 1 4 5
m
r
t 1
I 2 A 0 0 1 0 0
j 3 0 3 1 1 4 5
t 2
n 2 3 1 D
j 3 0 4 1 1 4 5
t 3
n 3 1 1 B
j 3 1 4 1 1 4 5
m
r
t 1
n 1 2 ? ?
j 3 2 5 1 1 4 5
t 2
I 1 C 0 0 1 0 1
j 3 1 5 1 1 4 5
t 3
n 3 1 3 A
j 3 2 5 1 1 4 5
m
r
t 1
n 1 5 ? ?
j 3 2 5 1 2 4 5
f 1
p 5 3 1 5
n 1 1 ? ?
n 1 2 ? ?
n 1 3 ? ?
n 1 4 ? ?
n 1 5 ? ?
n 2 1 4 E
n 2 2 3 C
n 2 3 2 A
n 2 4 4 B
n 2 5 1 D
n 3 1 2 E
n 3 2 2 C
n 3 3 1 B
n 3 4 4 B
n 3 5 2 A
j 3 8 0 0 0 0 0
t 1
i 2 1 0 0 0 0 1
j 3 7 0 0 0 0 0
t 2
i 1 1 0 1 0 0 1
j 3 6 0 0 0 0 0
t 3
I 1 E 0 1 0 0 0
j 3 5 0 0 0 0 0
m
r
t 1
n 1 2 ? ?
j 3 5 0 0 0 0 1
t 2
I 1 B 1 0 0 1 1
j 3 4 0 0 0 0 1
t 3
I 2 D 0 0 0 0 1
j 3 3 0 0 0 0 1
m
r
t 1
n 1 5 ? ?
j 3 3 0 1 0 0 1
t 2
n 2 5 3 E
j 3 3 0 1 0 1 1
t 3
n 3 1 4 C
j 3 4 0 1 0 1 1
m
r
t 1
n 1 1 ? ?
j 3 5 0 1 0 1 1
t 2
n 2 1 1 A
j 3 6 0 1 0 1 1
t 3
i 2 1 1 0 0 0 0
j 3 5 0 1 0 1 1
m
r
t 1
I 2 A 1 0 1 0 0
j 3 4 0 1 0 1 1
t 2
n 2 1 2 D
j 3 4 1 1 0 1 1
t 3
i 2 2 1 0 1 0 0
j 3 3 1 1 0 1 1
m
r
t 1
I 2 D 1 0 0 0 0
j 3 2 1 1 0 1 1
t 2
n 2 1 3 D
j 3 2 1 1 0 2 1
t 3
i 2 3 1 1 0 0 1
j 3 1 1 1 0 2 1
m
r
t 1
I 2 D 1 0 0 0 0
j 3 0 1 1 0 2 1
t 2
n 2 1 1 B
j 3 0 1 1 0 3 1
t 3
n 3 1 4 A
j 3 1 1 1 0 3 1
m
r
t 1
i 3 2 0 1 0 0 1
j 3 0 1 1 0 3 1
t 2
n 2 3 5 E
j 3 0 2 1 0 3 1
t 3
n 3 1 1 C
j 3 1 2 1 0 3 1
m
r
t 1
i 3 1 1 0 1 0 0
j 3 0 2 1 0 3 1
t 2
n 2 1 1 A
j 3 1 2 1 0 3 1
t 3
i 1 3 1 0 1 0 0
j 3 0 2 1 0 3 1
m
r
t 1
n 1 1 ? ?
j 3 1 2 1 0 3 1
t 2
i 1 4 0 0 0 0 1
j 3 0 2 1 0 3 1
t 3
n 3 1 1 C
j 3 1 2 1 0 3 1
m
r
t 1
i 3 1 1 0 1 0 0
j 3 0 2 1 0 3 1
t 2
n 2 1 3 B
j 3 1 2 1 0 3 1
t 3
I 1 D 0 0 0 0 1
j 3 0 2 1 0 3 1
m
r
t 1
n 1 5 ? ?
j 3 0 2 1 0 4 1
t 2
n 2 1 4 E
j 3 1 2 1 0 4 1
t 3
i 1 2 0 1 0 0 1
j 3 0 2 1 0 4 1
m
r
t 1
n 1 1 ? ?
j 3 1 2 1 0 4 1
t 2
I 1 B 0 0 0 1 1
j 3 0 2 1 0 4 1
t 3
n 3 1 4 C
j 3 1 2 1 0 4 1
m
r
t 1
n 1 5 ? ?
j 3 1 2 2 0 4 1
t 2
n 2 1 3 E
j 3 2 2 2 0 4 1
t 3
n 3 1 2 B
j 3 3 2 2 0 4 1
m
r
t 1
n 1 1 ? ?
j 3 4 2 2 0 4 1
t 2
n 2 1 1 E
j 3 5 2 2 0 4 1
t 3
n 3 1 2 E
j 3 6 2 2 0 4 1
m
r
t 1
i 3 2 1 1 0 0 1
j 3 5 2 2 0 4 1
t 2
I 3 E 1 0 0 0 0
j 3 4 2 2 0 4 1
t 3
n 3 1 5 D
j 3 4 2 2 0 4 2
m
r
t 1
I 2 E 1 0 1 0 1
j 3 3 2 2 0 4 2
t 2
n 2 5 3 A
j 3 3 2 2 0 4 3
t 3
i 2 3 0 1 0 0 1
j 3 2 2 2 0 4 3
m
r
t 1
I 2 A 0 0 0 0 1
j 3 1 2 2 0 4 3
t 2
n 2 5 4 A
j 3 1 3 2 0 4 3
t 3
i 2 4 0 0 0 1 1
j 3 0 3 2 0 4 3
m
r
t 1
n 1 1 ? ?
j 3 1 3 2 0 4 3
t 2
i 1 1 1 0 0 0 0
j 3 0 3 2 0 4 3
t 3
n 3 1 5 C
j 3 1 3 2 0 4 3
m
r
t 1
I 2 A 0 0 0 0 1
j 3 0 3 2 0 4 3
t 2
n 2 5 4 D
j 3 0 4 2 0 4 3
t 3
n 3 1 1 D
j 3 1 4 2 0 4 3
m
r
t 1
n 1 1 ? ?
j 3 2 4 2 0 4 3
t 2
n 2 1 1 A
j 3 3 4 2 0 4 3
f 1
p 5 3 1 5
n 1 1 ? ?
n 1 2 ? ?
n 1 3 ? ?
n 1 4 ? ?
n 1 5 ? ?
n 2 1 3 B
n 2 2 2 A
n 2 3 3 E
n 2 4 1 C
n 2 5 3 A
n 3 1 5 E
n 3 2 5 D
n 3 3 4 B
n 3 4 1 C
n 3 5 3 D
j 3 8 0 0 0 0 0
t 1
i 2 1 0 0 0 1 0
j 3 7 0 0 0 0 0
t 2
i 1 1 0 0 0 1 0
j 3 6 0 0 0 0 0
t 3
I 1 B 0 1 0 1 0
j 3 5 0 0 0 0 0
m
r
t 1
n 1 4 ? ?
j 3 5 0 1 0 0 0
t 2
i 3 1 0 0 0 1 0
j 3 4 0 1 0 0 0
t 3
I 2 C 0 0 0 1 0
j 3 3 0 1 0 0 0
m
r
t 1
I 3 C 0 0 0 1 0
j 3 2 0 1 0 0 0
t 2
n 2 4 4 C
j 3 2 0 1 1 0 0
t 3
n 3 1 1 D
j 3 3 0 1 1 0 0
m
r
t 1
i 3 1 1 0 0 1 0
j 3 2 0 1 1 0 0
t 2
I 3 D 1 1 0 0 1
j 3 1 0 1 1 0 0
t 3
n 3 1 2 A
j 3 1 0 1 1 1 0
m
r
t 1
n 1 1 ? ?
j 3 2 0 1 1 1 0
t 2
i 1 2 1 0 0 0 0
j 3 1 0 1 1 1 0
t 3
I 1 B 1 1 0 0 0
j 3 0 0 1 1 1 0
m
r
t 1
n 1 1 ? ?
j 3 0 0 2 1 1 0
t 2
n 2 1 3 C
j 3 1 0 2 1 1 0
t 3
n 3 1 1 E
j 3 2 0 2 1 1 0
m
r
t 1
i 3 1 1 0 0 1 0
j 3 1 0 2 1 1 0
t 2
I 3 E 1 0 0 0 0
j 3 0 0 2 1 1 0
t 3
n 3 1 3 A
j 3 0 0 2 1 1 1
m
r
t 1
n 1 1 ? ?
j 3 1 0 2 1 1 1
t 2
n 2 1 1 D
j 3 2 0 2 1 1 1
t 3
n 3 1 2 D
j 3 3 0 2 1 1 1
m
r
t 1
i 3 2 1 0 0 0 0
j 3 2 0 2 1 1 1
t 2
I 3 D 1 1 0 0 1
j 3 1 0 2 1 1 1
t 3
n 3 1 4 B
j 3 1 0 2 1 2 1
m
r
t 1
i 3 3 0 0 0 0 1
j 3 0 0 2 1 2 1
t 2
n 2 1 3 E
j 3 1 0 2 1 2 1
t 3
n 3 5 2 E
j 3 1 0 2 1 3 1
m
r
t 1
i 3 2 0 0 0 0 1
j 3 0 0 2 1 3 1
t 2
n 2 1 2 D
j 3 1 0 2 1 3 1
t 3
n 3 1 4 D
j 3 2 0 2 1 3 1
m
r
t 1
i 3 4 1 0 1 0 0
j 3 1 0 2 1 3 1
t 2
I 3 D 1 1 0 0 0
j 3 0 0 2 1 3 1
t 3
n 3 1 1 D
j 3 0 0 2 1 4 1
m
r
t 1
n 1 1 ? ?
j 3 1 0 2 1 4 1
t 2
I 3 E 0 0 0 0 1
j 3 0 0 2 1 4 1
t 3
n 3 2 4 E
j 3 1 0 2 1 5 1
m
r
t 1
n 1 1 ? ?
j 3 2 0 2 1 5 1
t 2
i 1 3 1 0 0 0 1
j 3 1 0 2 1 5 1
t 3
n 3 5 2 C
j 3 1 0 2 1 5 2
m
r
t 1
i 2 3 0 0 1 0 1
j 3 0 0 2 1 5 2
t 2
n 2 1 2 E
j 3 1 0 2 1 5 2
t 3
I 1 B 1 1 0 0 0
j 3 0 0 2 1 5 2
m
r
t 1
n 1 1 ? ?
j 3 0 0 3 1 5 2
t 2
n 2 1 1 E
j 3 1 0 3 1 5 2
t 3
I 2 E 1 0 1 0 0
j 3 0 0 3 1 5 2
m
r
t 1
n 1 1 ? ?
j 3 1 0 3 1 5 2
t 2
n 2 3 4 D
j 3 1 0 3 1 5 3
t 3
n 3 1 3 C
j 3 2 0 3 1 5 3
m
r
t 1
i 3 4 0 1 1 0 0
j 3 1 0 3 1 5 3
t 2
I 3 E 0 1 0 0 0
j 3 0 0 3 1 5 3
t 3
n 3 2 1 A
j 3 0 0 3 1 5 4
m
r
t 1
n 1 1 ? ?
j 3 1 0 3 1 5 4
t 2
i 1 2 1 0 0 0 0
j 3 0 0 3 1 5 4
t 3
n 3 1 1 A
j 3 1 0 3 1 5 4
m
r
t 1
i 3 1 1 1 0 1 0
j 3 0 0 3 1 5 4
t 2
n 2 1 1 B
j 3 1 0 3 1 5 4
t 3
I 1 C 1 0 1 1 0
j 3 0 0 3 1 5 4
m
r
t 1
n 1 1 ? ?
j 3 0 0 3 2 5 4
t 2
n 2 1 2 B
j 3 1 0 3 2 5 4
t 3
n 3 1 1 A
j 3 2 0 3 2 5 4
m
r
f 1
p 5 3 1 5
n 1 1 ? ?
n 1 2 ? ?
n 1 3 ? ?
n 1 4 ? ?
n 1 5 ? ?
n 2 1 3 B
n 2 2 3 C
n 2 3 5 E
n 2 4 4 D
n 2 5 2 D
n 3 1 1 D
n 3 2 5 D
n 3 3 3 A
n 3 4 2 E
n 3 5 1 B
j 3 8 0 0 0 0 0
t 1
i 3 1 1 0 0 0 1
j 3 7 0 0 0 0 0
t 2
i 1 1 1 0 0 0 1
j 3 6 0 0 0 0 0
t 3
I 1 A 1 0 0 0 0
j 3 5 0 0 0 0 0
m
r
t 1
n 1 1 ? ?
j 3 5 1 0 0 0 0
t 2
i 1 1 1 0 0 0 1
j 3 4 1 0 0 0 0
t 3
I 1 D 1 0 0 1 0
j 3 3 1 0 0 0 0
m
r
t 1
n 1 1 ? ?
j 3 3 1 0 0 1 0
t 2
I 1 B 0 0 0 0 1
j 3 2 1 0 0 1 0
t 3
i 2 2 0 0 0 0 1
j 3 1 1 0 0 1 0
m
r
t 1
n 1 5 ? ?
j 3 1 1 1 0 1 0
t 2
n 2 1 4 E
j 3 2 1 1 0 1 0
t 3
I 2 D 0 0 0 1 1
j 3 1 1 1 0 1 0
m
r
t 1
n 1 1 ? ?
j 3 2 1 1 0 1 0
t 2
n 2 5 3 D
j 3 2 1 1 0 2 0
t 3
i 1 2 1 0 0 0 0
j 3 1 1 1 0 2 0
m
r
t 1
i 2 3 0 1 0 0 1
j 3 0 1 1 0 2 0
t 2
n 2 1 1 C
j 3 1 1 1 0 2 0
t 3
I 1 A 1 0 0 0 0
j 3 0 1 1 0 2 0
m
r
t 1
n 1 1 ? ?
j 3 0 2 1 0 2 0
t 2
n 2 1 4 A
j 3 1 2 1 0 2 0
t 3
i 1 3 0 1 0 1 0
j 3 0 2 1 0 2 0
m
r
t 1
n 1 4 ? ?
j 3 0 2 1 0 3 0
t 2
n 2 1 1 C
j 3 1 2 1 0 3 0
t 3
i 2 1 1 0 0 0 0
j 3 0 2 1 0 3 0
m
r
t 1
n 1 1 ? ?
j 3 1 2 1 0 3 0
t 2
i 3 3 0 0 1 0 0
j 3 0 2 1 0 3 0
t 3
n 3 1 2 B
j 3 1 2 1 0 3 0
m
r
t 1
I 2 C 1 1 0 0 0
j 3 0 2 1 0 3 0
t 2
n 2 1 1 D
j 3 0 2 1 1 3 0
t 3
n 3 1 1 E
j 3 1 2 1 1 3 0
m
r
t 1
i 2 4 0 0 0 1 0
j 3 0 2 1 1 3 0
t 2
n 2 4 4 D
j 3 0 2 1 1 4 0
t 3
n 3 1 1 A
j 3 1 2 1 1 4 0
m
r
t 1
i 3 5 0 1 0 0 0
j 3 0 2 1 1 4 0
t 2
n 2 1 3 E
j 3 1 2 1 1 4 0
t 3
n 3 1 2 B
j 3 2 2 1 1 4 0
m
r
t 1
i 3 2 1 0 0 1 0
j 3 1 2 1 1 4 0
t 2
I 3 B 1 0 0 0 1
j 3 0 2 1 1 4 0
t 3
n 3 1 1 E
j 3 0 2 2 1 4 0
m
r
t 1
n 1 1 ? ?
j 3 1 2 2 1 4 0
t 2
i 1 3 1 1 0 0 0
j 3 0 2 2 1 4 0
t 3
n 3 1 1 C
j 3 1 2 2 1 4 0
m
r
t 1
I 3 D 0 1 0 0 0
j 3 0 2 2 1 4 0
t 2
n 2 1 2 C
j 3 1 2 2 1 4 0
t 3
n 3 2 1 E
j 3 2 2 2 1 5 0
m
r
t 1
i 2 2 1 0 0 0 0
j 3 1 2 2 1 5 0
t 2
I 1 B 1 0 0 0 0
j 3 0 2 2 1 5 0
t 3
n 3 1 2 D
j 3 1 2 2 1 5 0
m
r
t 1
n 1 1 ? ?
j 3 1 2 3 1 5 0
t 2
i 3 1 0 1 0 0 1
j 3 0 2 3 1 5 0
t 3
n 3 1 2 C
j 3 1 2 3 1 5 0
m
r
t 1
I 2 C 1 1 0 0 0
j 3 0 2 3 1 5 0
t 2
n 2 1 4 B
j 3 0 2 3 2 5 0
t 3
n 3 1 1 B
j 3 1 2 3 2 5 0
m
r
t 1
i 2 4 1 0 0 1 0
j 3 0 2 3 2 5 0
t 2
n 2 2 5 C
j 3 0 2 3 3 5 0
t 3
n 3 1 3 C
j 3 1 2 3 3 5 0
m
r
t 1
I 2 B 1 0 0 0 0
j 3 0 2 3 3 5 0
t 2
n 2 1 5 B
j 3 0 2 4 3 5 0
t 3
n 3 1 5 A
j 3 1 2 4 3 5 0
m
r
t 1
i 2 5 1 1 1 0 0
j 3 0 2 4 3 5 0
t 2
n 2 1 4 B
j 3 1 2 4 3 5 0
t 3
i 1 4 0 0 1 1 1
j 3 0 2 4 3 5 0
m
r
t 1
n 1 1 ? ?
j 3 1 2 4 3 5 0
f 1
p 5 3 1 5
n 1 1 ? ?
n 1 2 ? ?
n 1 3 ? ?
n 1 4 ? ?
n 1 5 ? ?
n 2 1 1 D
n 2 2 1 A
n 2 3 1 D
n 2 4 4 C
n 2 5 2 D
n 3 1 1 D
n 3 2 1 A
n 3 3 5 D
n 3 4 1 E
n 3 5 2 A
j 3 8 0 0 0 0 0
t 1
i 2 1 1 1 1 0 0
j 3 7 0 0 0 0 0
t 2
i 1 1 0 1 0 0 0
j 3 6 0 0 0 0 0
t 3
I 1 C 0 1 0 0 1
j 3 5 0 0 0 0 0
m
r
t 1
n 1 2 ? ?
j 3 5 0 0 1 0 0
t 2
i 1 2 0 1 1 0 1
j 3 4 0 0 1 0 0
t 3
I 2 D 1 0 1 0 1
j 3 3 0 0 1 0 0
m
r
t 1
n 1 5 ? ?
j 3 3 0 0 2 0 0
t 2
n 2 1 4 A
j 3 3 0 0 2 1 0
t 3
I 1 D 0 1 0 0 0
j 3 2 0 0 2 1 0
m
r
t 1
n 1 2 ? ?
j 3 2 0 0 2 2 0
t 2
i 3 1 1 1 0 1 0
j 3 1 0 0 2 2 0
t 3
I 2 A 1 1 0 0 0
j 3 0 0 0 2 2 0
m
r
t 1
n 1 1 ? ?
j 3 1 0 0 2 2 0
t 2
n 2 2 4 E
j 3 1 1 0 2 2 0
t 3
i 1 1 1 0 0 0 0
j 3 0 1 0 2 2 0
m
r
t 1
n 1 1 ? ?
j 3 1 1 0 2 2 0
t 2
I 3 E 0 0 0 1 0
j 3 0 1 0 2 2 0
t 3
n 3 4 5 C
j 3 0 1 0 2 2 1
m
r
t 1
n 1 1 ? ?
j 3 1 1 0 2 2 1
t 2
i 3 2 0 0 0 0 1
j 3 0 1 0 2 2 1
t 3
n 3 1 4 C
j 3 1 1 0 2 2 1
m
r
t 1
I 3 A 0 1 0 0 1
j 3 0 1 0 2 2 1
t 2
n 2 1 3 B
j 3 1 1 0 2 2 1
t 3
n 3 5 3 D
j 3 1 2 0 2 2 1
m
r
t 1
i 3 3 0 0 0 0 1
j 3 0 2 0 2 2 1
t 2
n 2 1 3 A
j 3 1 2 0 2 2 1
t 3
i 2 3 1 0 0 0 0
j 3 0 2 0 2 2 1
m
r
t 1
n 1 1 ? ?
j 3 1 2 0 2 2 1
t 2
I 3 D 0 0 1 0 1
j 3 0 2 0 2 2 1
t 3
n 3 5 5 A
j 3 0 2 0 2 3 1
m
r
t 1
n 1 1 ? ?
j 3 1 2 0 2 3 1
t 2
i 1 4 0 1 0 0 0
j 3 0 2 0 2 3 1
t 3
n 3 1 4 A
j 3 1 2 0 2 3 1
m
r
t 1
I 2 A 1 0 0 0 0
j 3 0 2 0 2 3 1
t 2
n 2 1 2 E
j 3 0 3 0 2 3 1
t 3
n 3 1 1 E
j 3 1 3 0 2 3 1
m
r
t 1
i 2 2 1 0 0 0 1
j 3 0 3 0 2 3 1
t 2
n 2 1 3 D
j 3 1 3 0 2 3 1
t 3
I 1 D 0 1 0 0 0
j 3 0 3 0 2 3 1
m
r
t 1
n 1 2 ? ?
j 3 0 3 0 2 4 1
t 2
n 2 1 1 C
j 3 1 3 0 2 4 1
t 3
n 3 1 1 B
j 3 2 3 0 2 4 1
m
r
t 1
i 3 1 1 1 0 0 0
j 3 1 3 0 2 4 1
t 2
I 3 B 1 0 0 0 0
j 3 0 3 0 2 4 1
t 3
n 3 1 3 C
j 3 0 3 1 2 4 1
m
r
t 1
n 1 1 ? ?
j 3 1 3 1 2 4 1
t 2
i 1 3 1 0 0 1 0
j 3 0 3 1 2 4 1
t 3
n 3 1 1 B
j 3 1 3 1 2 4 1
m
r
t 1
i 3 5 0 0 1 1 1
j 3 0 3 1 2 4 1
t 2
n 2 1 4 E
j 3 1 3 1 2 4 1
t 3
n 3 3 1 C
j 3 2 3 1 2 5 1
m
r
t 1
n 1 1 ? ?
j 3 3 3 1 2 5 1
t 2
I 1 B 0 1 1 1 0
j 3 2 3 1 2 5 1
t 3
n 3 1 2 A
j 3 3 3 1 2 5 1
m
r
t 1
n 1 3 ? ?
j 3 3 3 2 2 5 1
t 2
n 2 1 1 A
j 3 4 3 2 2 5 1
t 3
n 3 1 1 B
j 3 5 3 2 2 5 1
m
r
t 1
n 1 4 ? ?
j 3 5 3 3 2 5 1
t 2
i 1 4 0 1 0 1 0
j 3 4 3 3 2 5 1
t 3
n 3 1 3 E
j 3 5 3 3 2 5 1
m
r
f 1
p 5 3 1 5
n 1 1 ? ?
n 1 2 ? ?
n 1 3 ? ?
n 1 4 ? ?
n 1 5 ? ?
n 2 1 5 E
n 2 2 2 B
n 2 3 2 A
n 2 4 3 A
n 2 5 5 C
n 3 1 3 D
n 3 2 1 A
n 3 3 4 D
n 3 4 1 E
n 3 5 3 B
j 3 8 0 0 0 0 0
t 1
i 3 1 0 1 0 1 0
j 3 7 0 0 0 0 0
t 2
i 1 1 0 1 1 0 0
j 3 6 0 0 0 0 0
t 3
I 1 E 0 1 0 0 0
j 3 5 0 0 0 0 0
m
r
t 1
n 1 2 ? ?
j 3 5 0 0 0 0 1
t 2
I 1 D 1 0 1 0 0
j 3 4 0 0 0 0 1
t 3
n 3 1 1 A
j 3 5 0 0 0 0 1
m
r
t 1
n 1 3 ? ?
j 3 5 0 0 0 1 1
t 2
i 1 1 0 0 1 0 0
j 3 4 0 0 0 1 1
t 3
I 1 B 0 0 1 0 0
j 3 3 0 0 0 1 1
m
r
t 1
n 1 3 ? ?
j 3 3 0 1 0 1 1
t 2
i 3 1 1 1 0 1 0
j 3 2 0 1 0 1 1
t 3
i 2 2 0 1 1 0 0
j 3 1 0 1 0 1 1
m
r
t 1
I 2 B 0 1 0 0 0
j 3 0 0 1 0 1 1
t 2
n 2 2 2 C
j 3 0 0 2 0 1 1
t 3
n 3 1 2 E
j 3 1 0 2 0 1 1
m
r
t 1
i 3 2 1 0 0 0 0
j 3 0 0 2 0 1 1
t 2
n 2 1 1 D
j 3 1 0 2 0 1 1
t 3
n 3 1 3 B
j 3 2 0 2 0 1 1
m
r
t 1
i 3 3 1 0 0 0 1
j 3 1 0 2 0 1 1
t 2
I 3 B 1 0 0 0 1
j 3 0 0 2 0 1 1
t 3
n 3 1 4 E
j 3 0 0 3 0 1 1
m
r
t 1
n 1 1 ? ?
j 3 1 0 3 0 1 1
t 2
i 1 4 1 0 1 1 0
j 3 0 0 3 0 1 1
t 3
n 3 1 1 E
j 3 1 0 3 0 1 1
m
r
t 1
I 3 A 0 1 0 0 0
j 3 0 0 3 0 1 1
t 2
n 2 1 4 C
j 3 1 0 3 0 1 1
t 3
n 3 2 4 A
j 3 1 1 3 0 1 1
m
r
t 1
I 2 A 0 0 1 1 0
j 3 0 1 3 0 1 1
t 2
n 2 3 3 D
j 3 0 2 3 0 1 1
t 3
n 3 1 1 B
j 3 1 2 3 0 1 1
m
r
t 1
i 2 3 0 0 1 1 0
j 3 0 2 3 0 1 1
t 2
n 2 4 5 B
j 3 0 3 3 0 1 1
t 3
n 3 1 2 A
j 3 1 3 3 0 1 1
m
r
t 1
i 3 4 0 1 1 0 0
j 3 0 3 3 0 1 1
t 2
n 2 1 2 D
j 3 1 3 3 0 1 1
t 3
I 1 B 1 0 1 0 0
j 3 0 3 3 0 1 1
m
r
t 1
n 1 1 ? ?
j 3 0 3 4 0 1 1
t 2
n 2 1 3 A
j 3 1 3 4 0 1 1
t 3
i 2 5 0 0 0 1 1
j 3 0 3 4 0 1 1
m
r
t 1
n 1 1 ? ?
j 3 1 3 4 0 1 1
t 2
i 1 1 1 0 0 0 0
j 3 0 3 4 0 1 1
t 3
n 3 1 1 D
j 3 1 3 4 0 1 1
m
r
t 1
I 2 B 0 0 0 1 0
j 3 0 3 4 0 1 1
t 2
n 2 4 3 E
j 3 1 3 5 0 1 1
t 3
I 1 C 1 0 0 1 0
j 3 0 3 5 0 1 1
m
r
t 1
n 1 1 ? ?
j 3 0 3 5 1 1 1
t 2
n 2 1 1 C
j 3 1 3 5 1 1 1
t 3
i 2 2 0 1 0 0 0
j 3 0 3 5 1 1 1
m
r
t 1
n 1 1 ? ?
j 3 1 3 5 1 1 1
t 2
i 1 2 1 0 0 0 0
j 3 0 3 5 1 1 1
t 3
n 3 1 5 D
j 3 1 3 5 1 1 1
m
r
t 1
I 2 C 1 1 0 0 1
j 3 0 3 5 1 1 1
t 2
n 2 2 1 B
j 3 0 3 5 2 1 1
t 3
n 3 1 4 A
j 3 1 3 5 2 1 1
m
r
t 1
i 3 4 1 1 1 0 0
j 3 0 3 5 2 1 1
t 2
n 2 1 3 C
j 3 1 3 5 2 1 1
t 3
i 2 3 1 0 1 1 0
j 3 0 3 5 2 1 1
m
r
t 1
n 1 1 ? ?
j 3 1 3 5 2 1 1
t 2
I 3 A 1 1 0 0 0
j 3 0 3 5 2 1 1
t 3
n 3 1 2 B
j 3 0 4 5 2 1 1
m
r
t 1
n 1 1 ? ?
j 3 1 4 5 2 1 1
t 2
i 1 2 1 0 0 0 0
j 3 0 4 5 2 1 1
t 3
n 3 1 2 E
j 3 1 4 5 2 1 1
m
r
t 1
I 2 C 1 0 0 0 1
j 3 0 4 5 2 1 1
t 2
n 2 1 1 A
j 3 0 4 5 3 1 1
f 1
p 5 3 1 5
n 1 1 ? ?
n 1 2 ? ?
n 1 3 ? ?
n 1 4 ? ?
n 1 5 ? ?
n 2 1 4 C
n 2 2 2 E
n 2 3 2 C
n 2 4 3 C
n 2 5 1 D
n 3 1 1 E
n 3 2 1 B
n 3 3 2 B
n 3 4 1 C
n 3 5 4 D
j 3 8 0 0 0 0 0
t 1
i 2 1 0 0 0 0 1
j 3 7 0 0 0 0 0
t 2
i 1 1 0 1 0 0 1
j 3 6 0 0 0 0 0
t 3
I 1 C 0 1 0 0 0
j 3 5 0 0 0 0 0
m
r
t 1
n 1 2 ? ?
j 3 5 0 0 1 0 0
t 2
I 1 A 0 0 0 1 1
j 3 4 0 0 1 0 0
t 3
i 2 2 0 1 1 0 0
j 3 3 0 0 1 0 0
m
r
t 1
n 1 5 ? ?
j 3 3 1 0 1 0 0
t 2
i 1 2 0 0 0 0 1
j 3 2 1 0 1 0 0
t 3
I 1 C 0 0 0 0 1
j 3 1 1 0 1 0 0
m
r
t 1
n 1 5 ? ?
j 3 1 1 0 2 0 0
t 2
i 3 1 1 1 0 1 0
j 3 0 1 0 2 0 0
t 3
n 3 1 5 A
j 3 1 1 0 2 0 0
m
r
t 1
i 2 3 0 0 0 1 0
j 3 0 1 0 2 0 0
t 2
n 2 1 1 D
j 3 1 1 0 2 0 0
t 3
i 2 1 1 0 0 0 1
j 3 0 1 0 2 0 0
m
r
t 1
n 1 1 ? ?
j 3 1 1 0 2 0 0
t 2
I 3 B 0 1 1 0 0
j 3 0 1 0 2 0 0
t 3
n 3 2 4 C
j 3 0 1 1 2 0 0
m
r
t 1
n 1 1 ? ?
j 3 1 1 1 2 0 0
t 2
i 3 2 0 0 1 0 0
j 3 0 1 1 2 0 0
t 3
n 3 3 2 B
j 3 0 1 2 2 0 0
m
r
t 1
n 1 1 ? ?
j 3 1 1 2 2 0 0
t 2
i 1 3 1 0 1 1 0
j 3 0 1 2 2 0 0
t 3
n 3 1 2 D
j 3 1 1 2 2 0 0
m
r
t 1
I 2 D 1 0 0 0 1
j 3 0 1 2 2 0 0
t 2
n 2 1 4 E
j 3 0 1 2 2 1 0
t 3
n 3 1 1 D
j 3 1 1 2 2 1 0
m
r
t 1
I 2 C 0 0 1 1 0
j 3 0 1 2 2 1 0
t 2
n 2 4 1 E
j 3 0 1 2 3 1 0
t 3
n 3 1 4 B
j 3 1 1 2 3 1 0
m
r
t 1
i 2 1 0 0 0 1 1
j 3 0 1 2 3 1 0
t 2
n 2 1 3 D
j 3 1 1 2 3 1 0
t 3
I 1 B 1 0 0 0 0
j 3 0 1 2 3 1 0
m
r
t 1
n 1 1 ? ?
j 3 0 1 3 3 1 0
t 2
n 2 1 2 A
j 3 1 1 3 3 1 0
t 3
i 2 2 1 1 1 0 0
j 3 0 1 3 3 1 0
m
r
t 1
n 1 1 ? ?
j 3 1 1 3 3 1 0
t 2
i 3 4 1 1 0 0 1
j 3 0 1 3 3 1 0
t 3
n 3 1 5 B
j 3 1 1 3 3 1 0
m
r
t 1
I 2 A 1 0 0 0 0
j 3 0 1 3 3 1 0
t 2
n 2 1 5 E
j 3 0 2 3 3 1 0
t 3
n 3 1 3 A
j 3 1 2 3 3 1 0
m
r
t 1
n 1 4 ? ?
j 3 1 3 3 3 1 0
t 2
i 1 4 0 1 0 0 1
j 3 0 3 3 3 1 0
t 3
n 3 1 3 C
j 3 1 3 3 3 1 0
m
r
t 1
I 2 E 1 1 0 1 0
j 3 0 3 3 3 1 0
t 2
n 2 4 4 A
j 3 0 3 3 3 1 1
t 3
n 3 1 5 C
j 3 1 3 3 3 1 1
m
r
t 1
i 2 4 0 0 0 1 0
j 3 0 3 3 3 1 1
t 2
n 2 2 2 D
j 3 0 3 3 3 1 2
t 3
n 3 1 3 B
j 3 1 3 3 3 1 2
m
r
t 1
i 2 2 0 1 1 0 0
j 3 0 3 3 3 1 2
t 2
n 2 1 3 E
j 3 1 3 3 3 1 2
t 3
I 1 A 0 0 0 0 1
j 3 0 3 3 3 1 2
m
r
t 1
n 1 5 ? ?
j 3 0 4 3 3 1 2
t 2
n 2 1 1 B
j 3 1 4 3 3 1 2
t 3
I 2 D 0 1 0 0 1
j 3 0 4 3 3 1 2
m
r
t 1
n 1 1 ? ?
j 3 1 4 3 3 1 2
t 2
n 2 2 4 B
j 3 1 4 3 3 2 2
t 3
I 1 D 0 0 1 0 0
j 3 0 4 3 3 2 2
m
r
t 1
n 1 3 ? ?
j 3 0 4 3 3 3 2
t 2
n 2 1 1 A
j 3 1 4 3 3 3 2
f 1
p 5 3 1 5
n 1 1 ? ?
n 1 2 ? ?
n 1 3 ? ?
n 1 4 ? ?
n 1 5 ? ?
n 2 1 5 E
n 2 2 2 D
n 2 3 4 E
n 2 4 1 C
n 2 5 4 A
n 3 1 3 E
n 3 2 2 A
n 3 3 2 B
n 3 4 3 A
n 3 5 5 A
j 3 8 0 0 0 0 0
t 1
i 2 1 0 0 0 1 0
j 3 7 0 0 0 0 0
t 2
i 1 1 1 1 1 0 1
j 3 6 0 0 0 0 0
t 3
I 1 D 1 0 1 0 0
j 3 5 0 0 0 0 0
m
r
t 1
n 1 1 ? ?
j 3 5 0 0 0 1 0
t 2
i 1 1 1 1 1 0 1
j 3 4 0 0 0 1 0
t 3
I 1 B 1 0 0 1 1
j 3 3 0 0 0 1 0
m
r
t 1
n 1 1 ? ?
j 3 3 0 1 0 1 0
t 2
I 1 A 0 1 0 0 0
j 3 2 0 1 0 1 0
t 3
i 2 2 0 1 0 0 0
j 3 1 0 1 0 1 0
m
r
t 1
n 1 2 ? ?
j 3 1 1 1 0 1 0
t 2
i 3 2 0 1 1 0 0
j 3 0 1 1 0 1 0
t 3
n 3 1 2 E
j 3 1 1 1 0 1 0
m
r
t 1
I 2 D 0 1 0 0 0
j 3 0 1 1 0 1 0
t 2
n 2 2 1 C
j 3 0 1 1 0 2 0
t 3
n 3 1 5 D
j 3 1 1 1 0 2 0
m
r
t 1
i 2 1 0 1 0 1 0
j 3 0 1 1 0 2 0
t 2
n 2 1 2 A
j 3 1 1 1 0 2 0
t 3
i 1 3 1 0 0 1 0
j 3 0 1 1 0 2 0
m
r
t 1
n 1 1 ? ?
j 3 1 1 1 0 2 0
t 2
I 3 A 0 1 0 1 1
j 3 0 1 1 0 2 0
t 3
n 3 2 1 E
j 3 0 2 1 0 2 0
m
r
t 1
n 1 1 ? ?
j 3 1 2 1 0 2 0
t 2
i 3 1 0 1 0 0 0
j 3 0 2 1 0 2 0
t 3
n 3 1 3 D
j 3 1 2 1 0 2 0
m
r
t 1
I 2 C 0 1 0 1 0
j 3 0 2 1 0 2 0
t 2
n 2 2 4 E
j 3 0 2 1 1 2 0
t 3
n 3 1 3 B
j 3 1 2 1 1 2 0
m
r
t 1
I 3 E 0 1 0 0 0
j 3 0 2 1 1 2 0
t 2
n 2 1 4 C
j 3 1 2 1 1 2 0
t 3
n 3 2 1 A
j 3 1 2 1 1 2 1
m
r
t 1
I 3 B 1 0 1 0 0
j 3 0 2 1 1 2 1
t 2
n 2 1 5 C
j 3 1 2 1 1 2 1
t 3
n 3 3 2 D
j 3 1 2 2 1 2 1
m
r
t 1
n 1 4 ? ?
j 3 1 2 3 1 2 1
t 2
i 1 2 0 1 0 0 0
j 3 0 2 3 1 2 1
t 3
n 3 1 1 D
j 3 1 2 3 1 2 1
m
r
t 1
i 3 3 0 0 0 1 0
j 3 0 2 3 1 2 1
t 2
n 2 1 4 A
j 3 1 2 3 1 2 1
t 3
n 3 4 4 D
j 3 1 3 3 1 2 1
m
r
t 1
i 2 4 1 1 1 0 1
j 3 0 3 3 1 2 1
t 2
n 2 1 3 C
j 3 1 3 3 1 2 1
t 3
I 1 C 0 1 0 0 0
j 3 0 3 3 1 2 1
m
r
t 1
n 1 2 ? ?
j 3 0 3 3 2 2 1
t 2
n 2 1 4 C
j 3 1 3 3 2 2 1
t 3
I 2 A 0 0 0 0 1
j 3 0 3 3 2 2 1
m
r
t 1
n 1 1 ? ?
j 3 1 3 3 2 2 1
t 2
n 2 5 2 C
j 3 1 4 3 2 2 1
t 3
i 1 4 1 0 0 0 0
j 3 0 4 3 2 2 1
m
r
t 1
n 1 1 ? ?
j 3 1 4 3 2 2 1
t 2
i 3 5 0 0 0 0 1
j 3 0 4 3 2 2 1
t 3
n 3 5 2 B
j 3 1 5 3 2 2 1
m
r
t 1
n 1 1 ? ?
j 3 2 5 3 2 2 1
t 2
n 2 1 3 C
j 3 3 5 3 2 2 1
t 3
i 2 3 1 0 0 0 0
j 3 2 5 3 2 2 1
m
r
t 1
I 2 C 1 0 0 1 1
j 3 1 5 3 2 2 1
t 2
n 2 1 2 E
j 3 1 5 3 3 2 1
t 3
i 2 2 1 0 0 0 1
j 3 0 5 3 3 2 1
m
r
t 1
n 1 1 ? ?
j 3 1 5 3 3 2 1
t 2
n 2 1 3 E
j 3 2 5 3 3 2 1
t 3
n 3 1 1 E
j 3 3 5 3 3 2 1
m
r
t 1
n 1 1 ? ?
j 3 4 5 3 3 2 1
f 1
p 5 3 1 5
n 1 1 ? ?
n 1 2 ? ?
n 1 3 ? ?
n 1 4 ? ?
n 1 5 ? ?
n 2 1 1 B
n 2 2 4 A
n 2 3 5 A
n 2 4 1 B
n 2 5 1 A
n 3 1 1 D
n 3 2 1 C
n 3 3 4 E
n 3 4 1 C
n 3 5 1 D
j 3 8 0 0 0 0 0
t 1
i 2 1 1 0 0 1 1
j 3 7 0 0 0 0 0
t 2
i 1 1 1 1 0 0 0
j 3 6 0 0 0 0 0
t 3
I 1 B 1 0 0 0 0
j 3 5 0 0 0 0 0
m
r
t 1
n 1 1 ? ?
j 3 5 0 1 0 0 0
t 2
i 1 1 1 1 0 0 0
j 3 4 0 1 0 0 0
t 3
I 1 A 1 1 0 0 0
j 3 3 0 1 0 0 0
m
r
t 1
n 1 1 ? ?
j 3 3 1 1 0 0 0
t 2
i 3 1 1 1 0 1 1
j 3 2 1 1 0 0 0
t 3
n 3 1 3 A
j 3 3 1 1 0 0 0
m
r
t 1
I 3 C 0 1 0 1 0
j 3 2 1 1 0 0 0
t 2
I 3 D 0 0 0 0 1
j 3 1 1 1 0 0 0
t 3
n 3 2 1 E
j 3 1 1 1 1 0 0
m
r
t 1
i 3 1 0 1 0 1 1
j 3 0 1 1 1 0 0
t 2
n 2 1 3 B
j 3 1 1 1 1 0 0
t 3
n 3 5 2 E
j 3 1 1 1 1 1 0
m
r
t 1
I 3 E 0 1 1 0 1
j 3 0 1 1 1 1 0
t 2
n 2 1 1 E
j 3 1 1 1 1 1 0
t 3
n 3 2 3 B
j 3 1 1 1 1 1 1
m
r
t 1
i 3 2 0 0 0 0 1
j 3 0 1 1 1 1 1
t 2
n 2 1 2 A
j 3 1 1 1 1 1 1
t 3
n 3 5 4 D
j 3 1 1 1 1 1 2
m
r
t 1
i 2 2 1 0 0 0 0
j 3 0 1 1 1 1 2
t 2
n 2 1 1 C
j 3 1 1 1 1 1 2
t 3
i 1 3 1 0 0 0 0
j 3 0 1 1 1 1 2
m
r
t 1
n 1 1 ? ?
j 3 1 1 1 1 1 2
t 2
i 1 2 0 0 0 0 1
j 3 0 1 1 1 1 2
t 3
n 3 1 2 E
j 3 1 1 1 1 1 2
m
r
t 1
n 1 1 ? ?
j 3 2 1 1 1 1 2
t 2
I 1 C 0 0 1 0 1
j 3 1 1 1 1 1 2
t 3
n 3 1 3 D
j 3 2 1 1 1 1 2
m
r
t 1
n 1 5 ? ?
j 3 2 1 1 2 1 2
t 2
i 1 2 0 0 0 0 1
j 3 1 1 1 2 1 2
t 3
I 1 B 0 0 0 0 1
j 3 0 1 1 2 1 2
m
r
t 1
n 1 5 ? ?
j 3 0 1 2 2 1 2
t 2
n 2 1 3 C
j 3 1 1 2 2 1 2
t 3
i 1 3 0 0 0 0 1
j 3 0 1 2 2 1 2
m
r
t 1
n 1 1 ? ?
j 3 1 1 2 2 1 2
t 2
I 1 E 0 0 0 0 1
j 3 0 1 2 2 1 2
t 3
n 3 1 4 E
j 3 1 1 2 2 1 2
m
r
t 1
n 1 5 ? ?
j 3 1 1 2 2 1 3
t 2
i 3 4 1 0 1 0 1
j 3 0 1 2 2 1 3
t 3
n 3 3 4 C
j 3 0 1 2 2 1 4
m
r
t 1
n 1 1 ? ?
j 3 1 1 2 2 1 4
t 2
i 1 5 1 0 0 0 1
j 3 0 1 2 2 1 4
t 3
n 3 1 5 B
j 3 1 1 2 2 1 4
m
r
t 1
i 2 3 1 0 0 0 0
j 3 0 1 2 2 1 4
t 2
n 2 1 4 A
j 3 1 1 2 2 1 4
t 3
I 1 E 0 0 0 0 1
j 3 0 1 2 2 1 4
m
r
t 1
n 1 5 ? ?
j 3 1 1 2 2 1 5
t 2
i 3 3 0 1 0 0 0
j 3 0 1 2 2 1 5
t 3
n 3 1 2 B
j 3 1 1 2 2 1 5
m
r
t 1
I 3 B 1 1 0 0 0
j 3 0 1 2 2 1 5
t 2
n 2 1 3 A
j 3 1 1 2 2 1 5
t 3
n 3 2 2 D
j 3 1 1 3 2 1 5
m
r
t 1
i 3 2 1 1 0 0 0
j 3 0 1 3 2 1 5
t 2
n 2 1 4 B
j 3 1 1 3 2 1 5
t 3
i 2 4 1 1 0 0 0
j 3 0 1 3 2 1 5
m
r
t 1
n 1 1 ? ?
j 3 1 1 3 2 1 5
t 2
i 1 3 1 0 0 0 0
j 3 0 1 3 2 1 5
t 3
n 3 1 1 E
j 3 1 1 3 2 1 5
m
r
t 1
I 2 B 1 0 0 1 0
j 3 0 1 3 2 1 5
t 2
n 2 1 2 C
j 3 0 1 4 2 1 5
t 3
n 3 1 2 D
j 3 1 1 4 2 1 5
m
r
t 1
i 3 2 1 1 0 0 0
j 3 0 1 4 2 1 5
t 2
n 2 1 2 A
j 3 1 1 4 2 1 5
f 1
p 5 3 1 5
n 1 1 ? ?
n 1 2 ? ?
n 1 3 ? ?
n 1 4 ? ?
n 1 5 ? ?
n 2 1 1 A
n 2 2 2 A
n 2 3 5 D
n 2 4 1 B
n 2 5 1 E
n 3 1 4 C
n 3 2 2 E
n 3 3 1 D
n 3 4 2 A
n 3 5 1 B
j 3 8 0 0 0 0 0
t 1
i 2 1 1 0 0 1 1
j 3 7 0 0 0 0 0
t 2
i 1 1 0 0 1 0 0
j 3 6 0 0 0 0 0
t 3
I 1 E 0 0 1 1 0
j 3 5 0 0 0 0 0
m
r
t 1
n 1 3 ? ?
j 3 5 0 0 0 0 1
t 2
i 1 1 0 0 1 0 0
j 3 4 0 0 0 0 1
t 3
I 1 C 0 0 1 0 0
j 3 3 0 0 0 0 1
m
r
t 1
n 1 3 ? ?
j 3 3 0 0 1 0 1
t 2
i 3 2 0 1 0 1 0
j 3 2 0 0 1 0 1
t 3
I 2 A 1 1 0 0 0
j 3 1 0 0 1 0 1
m
r
t 1
I 2 B 0 0 0 1 0
j 3 0 0 0 1 0 1
t 2
n 2 1 5 B
j 3 0 1 0 1 0 1
t 3
n 3 1 4 B
j 3 1 1 0 1 0 1
m
r
t 1
i 2 2 0 1 0 0 0
j 3 0 1 0 1 0 1
t 2
n 2 2 1 B
j 3 0 2 0 1 0 1
t 3
n 3 1 3 B
j 3 1 2 0 1 0 1
m
r
t 1
i 2 1 0 1 0 1 1
j 3 0 2 0 1 0 1
t 2
n 2 4 4 C
j 3 0 2 1 1 0 1
t 3
n 3 1 4 D
j 3 1 2 1 1 0 1
m
r
t 1
I 3 E 0 1 0 0 0
j 3 0 2 1 1 0 1
t 2
n 2 1 3 A
j 3 1 2 1 1 0 1
t 3
n 3 2 5 A
j 3 1 2 1 1 0 2
m
r
t 1
i 2 3 1 0 0 0 0
j 3 0 2 1 1 0 2
t 2
n 2 1 2 E
j 3 1 2 1 1 0 2
t 3
i 1 2 1 0 1 0 0
j 3 0 2 1 1 0 2
m
r
t 1
n 1 1 ? ?
j 3 1 2 1 1 0 2
t 2
I 1 B 0 0 1 0 0
j 3 0 2 1 1 0 2
t 3
n 3 1 5 E
j 3 1 2 1 1 0 2
m
r
t 1
n 1 3 ? ?
j 3 1 2 2 1 0 2
t 2
i 1 1 0 0 1 0 0
j 3 0 2 2 1 0 2
t 3
n 3 1 1 A
j 3 1 2 2 1 0 2
m
r
t 1
i 3 1 1 0 1 0 1
j 3 0 2 2 1 0 2
t 2
n 2 1 2 C
j 3 1 2 2 1 0 2
t 3
I 1 D 0 1 1 0 1
j 3 0 2 2 1 0 2
m
r
t 1
n 1 3 ? ?
j 3 0 2 2 1 1 2
t 2
n 2 1 1 D
j 3 1 2 2 1 1 2
t 3
n 3 1 3 A
j 3 2 2 2 1 1 2
m
r
t 1
i 3 3 1 0 0 0 0
j 3 1 2 2 1 1 2
t 2
I 3 A 1 1 0 1 0
j 3 0 2 2 1 1 2
t 3
n 3 1 3 C
j 3 0 3 2 1 1 2
m
r
t 1
n 1 1 ? ?
j 3 1 3 2 1 1 2
t 2
i 1 2 1 0 0 0 0
j 3 0 3 2 1 1 2
t 3
n 3 1 3 B
j 3 1 3 2 1 1 2
m
r
t 1
i 3 3 1 0 0 0 0
j 3 0 3 2 1 1 2
t 2
n 2 1 4 A
j 3 1 3 2 1 1 2
t 3
I 1 D 1 1 0 0 1
j 3 0 3 2 1 1 2
m
r
t 1
n 1 1 ? ?
j 3 0 3 2 1 2 2
t 2
n 2 1 3 E
j 3 1 3 2 1 2 2
t 3
i 1 3 0 1 0 0 1
j 3 0 3 2 1 2 2
m
r
t 1
n 1 2 ? ?
j 3 0 3 2 1 3 2
t 2
n 2 1 2 C
j 3 1 3 2 1 3 2
t 3
i 1 4 1 0 0 1 0
j 3 0 3 2 1 3 2
m
r
t 1
n 1 1 ? ?
j 3 1 3 2 1 3 2
t 2
i 1 3 0 1 0 0 1
j 3 0 3 2 1 3 2
t 3
n 3 1 2 D
j 3 1 3 2 1 3 2
m
r
t 1
i 2 2 1 0 0 0 0
j 3 0 3 2 1 3 2
t 2
n 2 1 4 E
j 3 1 3 2 1 3 2
t 3
I 1 E 0 1 0 1 0
j 3 0 3 2 1 3 2
m
r
t 1
n 1 2 ? ?
j 3 0 3 2 1 3 3
t 2
n 2 1 4 A
j 3 1 3 2 1 3 3
t 3
i 2 4 1 0 0 1 0
j 3 0 3 2 1 3 3
m
r
t 1
n 1 4 ? ?
j 3 0 3 2 1 3 4
t 2
n 2 1 5 C
j 3 1 3 2 1 3 4
t 3
n 3 1 1 C
j 3 2 3 2 1 3 4
m
r
f 1
p 5 3 1 5
n 1 1 ? ?
n 1 2 ? ?
n 1 3 ? ?
n 1 4 ? ?
n 1 5 ? ?
n 2 1 2 C
n 2 2 1 A
n 2 3 3 A
n 2 4 4 C
n 2 5 1 B
n 3 1 3 D
n 3 2 3 C
n 3 3 4 E
n 3 4 2 C
n 3 5 5 D
j 3 8 0 0 0 0 0
t 1
i 2 1 0 1 0 0 1
j 3 7 0 0 0 0 0
t 2
i 1 1 0 0 1 0 0
j 3 6 0 0 0 0 0
t 3
I 1 A 0 0 1 0 0
j 3 5 0 0 0 0 0
m
r
t 1
n 1 3 ? ?
j 3 5 1 0 0 0 0
t 2
i 1 1 0 0 1 0 0
j 3 4 1 0 0 0 0
t 3
I 1 E 1 1 1 0 0
j 3 3 1 0 0 0 0
m
r
t 1
n 1 3 ? ?
j 3 3 1 0 0 0 1
t 2
i 1 1 0 0 1 0 0
j 3 2 1 0 0 0 1
t 3
I 1 D 0 0 1 0 0
j 3 1 1 0 0 0 1
m
r
t 1
n 1 3 ? ?
j 3 1 1 0 0 1 1
t 2
n 2 1 4 A
j 3 2 1 0 0 1 1
t 3
I 2 B 0 0 0 0 1
j 3 1 1 0 0 1 1
m
r
t 1
n 1 1 ? ?
j 3 2 1 0 0 1 1
t 2
n 2 5 1 D
j 3 2 1 1 0 1 1
t 3
i 1 2 0 0 0 0 1
j 3 1 1 1 0 1 1
m
r
t 1
n 1 1 ? ?
j 3 2 1 1 0 1 1
t 2
I 1 B 1 0 0 1 1
j 3 1 1 1 0 1 1
t 3
n 3 1 1 B
j 3 2 1 1 0 1 1
m
r
t 1
n 1 5 ? ?
j 3 2 1 2 0 1 1
t 2
i 1 3 1 1 0 0 0
j 3 1 1 2 0 1 1
t 3
n 3 1 3 B
j 3 2 1 2 0 1 1
m
r
t 1
n 1 1 ? ?
j 3 2 1 3 0 1 1
t 2
i 1 4 1 0 0 1 0
j 3 1 1 3 0 1 1
t 3
n 3 1 2 B
j 3 2 1 3 0 1 1
m
r
t 1
n 1 4 ? ?
j 3 2 1 4 0 1 1
t 2
i 1 5 0 0 0 0 1
j 3 1 1 4 0 1 1
t 3
I 1 B 0 0 0 0 1
j 3 0 1 4 0 1 1
m
r
t 1
n 1 5 ? ?
j 3 1 1 5 0 1 1
t 2
n 2 1 5 C
j 3 2 1 5 0 1 1
t 3
n 3 1 1 C
j 3 3 1 5 0 1 1
m
r
t 1
i 3 1 1 0 0 0 0
j 3 2 1 5 0 1 1
t 2
I 3 C 1 1 0 1 0
j 3 1 1 5 0 1 1
t 3
n 3 1 4 C
j 3 1 1 5 1 1 1
m
r
t 1
i 3 2 0 0 0 1 0
j 3 0 1 5 1 1 1
t 2
n 2 1 2 E
j 3 1 1 5 1 1 1
t 3
n 3 4 3 C
j 3 1 1 5 2 1 1
m
r
t 1
i 2 2 1 0 0 0 0
j 3 0 1 5 2 1 1
t 2
n 2 1 1 C
j 3 1 1 5 2 1 1
t 3
n 3 1 2 A
j 3 2 1 5 2 1 1
m
r
t 1
i 3 2 1 0 0 0 0
j 3 1 1 5 2 1 1
t 2
I 3 A 1 0 0 0 0
j 3 0 1 5 2 1 1
t 3
n 3 1 2 E
j 3 0 2 5 2 1 1
m
r
t 1
n 1 1 ? ?
j 3 1 2 5 2 1 1
t 2
i 3 2 1 0 0 0 0
j 3 0 2 5 2 1 1
t 3
n 3 1 3 D
j 3 1 2 5 2 1 1
m
r
t 1
i 2 3 0 0 1 0 0
j 3 0 2 5 2 1 1
t 2
n 2 1 1 A
j 3 1 2 5 2 1 1
t 3
I 2 A 1 1 1 0 0
j 3 0 2 5 2 1 1
m
r
t 1
n 1 1 ? ?
j 3 1 2 5 2 1 1
t 2
n 2 3 5 E
j 3 1 3 5 2 1 1
t 3
i 1 4 0 0 0 0 1
j 3 0 3 5 2 1 1
m
r
t 1
n 1 1 ? ?
j 3 1 3 5 2 1 1
t 2
I 1 A 0 0 0 0 1
j 3 0 3 5 2 1 1
t 3
n 3 1 2 D
j 3 1 3 5 2 1 1
m
r
t 1
n 1 5 ? ?
j 3 1 4 5 2 1 1
t 2
i 3 2 1 0 0 0 0
j 3 0 4 5 2 1 1
t 3
n 3 1 5 A
j 3 1 4 5 2 1 1
m
r
t 1
i 3 5 1 0 0 0 1
j 3 0 4 5 2 1 1
t 2
n 2 1 2 A
j 3 1 4 5 2 1 1
t 3
n 3 1 1 D
j 3 2 4 5 2 1 1
m
r
t 1
i 3 3 0 1 0 1 0
j 3 1 4 5 2 1 1
t 2
I 3 C 0 1 0 1 0
j 3 0 4 5 2 1 1
t 3
n 3 2 2 D
j 3 0 4 5 3 1 1
m
r
t 1
n 1 1 ? ?
j 3 1 4 5 3 1 1
f 1
p 5 3 1 5
n 1 1 ? ?
n 1 2 ? ?
n 1 3 ? ?
n 1 4 ? ?
n 1 5 ? ?
n 2 1 5 B
n 2 2 3 C
n 2 3 3 B
n 2 4 3 D
n 2 5 1 B
n 3 1 3 C
n 3 2 4 E
n 3 3 4 D
n 3 4 4 D
n 3 5 5 E
j 3 8 0 0 0 0 0
t 1
i 2 1 0 0 0 0 1
j 3 7 0 0 0 0 0
t 2
i 1 1 1 0 0 0 1
j 3 6 0 0 0 0 0
t 3
I 1 A 1 0 0 0 0
j 3 5 0 0 0 0 0
m
r
t 1
n 1 1 ? ?
j 3 5 1 0 0 0 0
t 2
I 1 D 0 0 1 0 1
j 3 4 1 0 0 0 0
t 3
I 2 B 1 0 1 0 1
j 3 3 1 0 0 0 0
m
r
t 1
n 1 5 ? ?
j 3 3 1 0 0 1 0
t 2
n 2 5 2 B
j 3 3 1 1 0 1 0
t 3
i 2 2 0 0 0 0 1
j 3 2 1 1 0 1 0
m
r
t 1
I 2 B 1 0 1 0 1
j 3 1 1 1 0 1 0
t 2
n 2 5 2 C
j 3 1 1 2 0 1 0
t 3
i 1 3 1 0 1 1 0
j 3 0 1 2 0 1 0
m
r
t 1
n 1 1 ? ?
j 3 1 1 2 0 1 0
t 2
I 1 B 0 0 0 1 0
j 3 0 1 2 0 1 0
t 3
n 3 1 3 A
j 3 1 1 2 0 1 0
m
r
t 1
n 1 4 ? ?
j 3 1 1 3 0 1 0
t 2
i 1 1 0 0 0 1 1
j 3 0 1 3 0 1 0
t 3
n 3 1 1 A
j 3 1 1 3 0 1 0
m
r
t 1
n 1 1 ? ?
j 3 2 1 3 0 1 0
t 2
I 1 C 0 1 0 1 0
j 3 1 1 3 0 1 0
t 3
n 3 1 1 D
j 3 2 1 3 0 1 0
m
r
t 1
n 1 4 ? ?
j 3 2 1 3 1 1 0
t 2
i 1 2 0 1 0 0 0
j 3 1 1 3 1 1 0
t 3
i 2 2 0 0 0 0 1
j 3 0 1 3 1 1 0
m
r
t 1
n 1 2 ? ?
j 3 0 1 3 2 1 0
t 2
n 2 1 1 C
j 3 1 1 3 2 1 0
t 3
i 2 3 0 1 1 1 0
j 3 0 1 3 2 1 0
m
r
t 1
n 1 1 ? ?
j 3 1 1 3 2 1 0
t 2
i 1 2 1 0 0 0 0
j 3 0 1 3 2 1 0
t 3
n 3 1 2 B
j 3 1 1 3 2 1 0
m
r
t 1
I 2 C 1 1 0 0 1
j 3 0 1 3 2 1 0
t 2
n 2 2 1 A
j 3 0 1 3 3 1 0
t 3
n 3 1 4 B
j 3 1 1 3 3 1 0
m
r
t 1
i 3 4 1 1 1 1 0
j 3 0 1 3 3 1 0
t 2
n 2 1 1 C
j 3 1 1 3 3 1 0
t 3
I 1 D 1 0 1 0 1
j 3 0 1 3 3 1 0
m
r
t 1
n 1 1 ? ?
j 3 0 1 3 3 2 0
t 2
n 2 1 2 D
j 3 1 1 3 3 2 0
t 3
i 1 2 1 0 0 0 0
j 3 0 1 3 3 2 0
m
r
t 1
n 1 3 ? ?
j 3 0 1 3 3 3 0
t 2
n 2 1 5 C
j 3 1 1 3 3 3 0
t 3
I 1 A 1 0 0 1 0
j 3 0 1 3 3 3 0
m
r
t 1
n 1 1 ? ?
j 3 0 2 3 3 3 0
t 2
n 2 1 1 B
j 3 1 2 3 3 3 0
t 3
i 1 4 1 0 1 0 0
j 3 0 2 3 3 3 0
m
r
t 1
n 1 1 ? ?
j 3 1 2 3 3 3 0
t 2
i 1 1 1 1 0 0 1
j 3 0 2 3 3 3 0
t 3
n 3 1 1 E
j 3 1 2 3 3 3 0
m
r
t 1
i 3 1 1 0 0 0 0
j 3 0 2 3 3 3 0
t 2
n 2 1 4 A
j 3 1 2 3 3 3 0
t 3
I 1 E 1 0 1 0 0
j 3 0 2 3 3 3 0
m
r
t 1
n 1 1 ? ?
j 3 0 2 3 3 3 1
t 2
n 2 1 4 C
j 3 1 2 3 3 3 1
t 3
i 1 3 0 0 0 1 0
j 3 0 2 3 3 3 1
m
r
t 1
n 1 4 ? ?
j 3 0 3 3 3 3 1
t 2
n 2 1 5 D
j 3 1 3 3 3 3 1
t 3
i 1 4 0 0 1 1 0
j 3 0 3 3 3 3 1
m
r
t 1
n 1 1 ? ?
j 3 1 3 3 3 3 1
t 2
i 1 2 1 0 0 0 0
j 3 0 3 3 3 3 1
t 3
n 3 1 4 B
j 3 1 3 3 3 3 1
m
r
t 1
i 3 4 1 1 1 1 0
j 3 0 3 3 3 3 1
t 2
n 2 1 5 A
j 3 1 3 3 3 3 1
t 3
I 1 E 1 0 1 0 0
j 3 0 3 3 3 3 1
m
r
t 1
n 1 1 ? ?
j 3 0 3 3 3 3 2
f 1
p 5 3 1 5
n 1 1 ? ?
n 1 2 ? ?
n 1 3 ? ?
n 1 4 ? ?
n 1 5 ? ?
n 2 1 2 A
n 2 2 1 E
n 2 3 2 A
n 2 4 4 C
n 2 5 3 E
n 3 1 3 E
n 3 2 2 B
n 3 3 4 E
n 3 4 1 E
n 3 5 3 A
j 3 8 0 0 0 0 0
t 1
i 2 1 0 1 0 0 0
j 3 7 0 0 0 0 0
t 2
i 1 1 0 1 1 0 0
j 3 6 0 0 0 0 0
t 3
I 1 A 0 1 0 0 0
j 3 5 0 0 0 0 0
m
r
t 1
n 1 2 ? ?
j 3 5 1 0 0 0 0
t 2
i 1 1 0 1 1 0 0
j 3 4 1 0 0 0 0
t 3
I 1 B 1 1 0 0 0
j 3 3 1 0 0 0 0
m
r
t 1
n 1 2 ? ?
j 3 3 1 1 0 0 0
t 2
I 1 D 0 0 1 1 0
j 3 2 1 1 0 0 0
t 3
i 2 2 1 0 1 0 0
j 3 1 1 1 0 0 0
m
r
t 1
n 1 3 ? ?
j 3 1 1 1 0 1 0
t 2
i 3 2 0 1 0 0 0
j 3 0 1 1 0 1 0
t 3
n 3 1 1 E
j 3 1 1 1 0 1 0
m
r
t 1
I 2 A 1 0 1 0 0
j 3 0 1 1 0 1 0
t 2
n 2 1 2 C
j 3 0 2 1 0 1 0
t 3
n 3 1 4 B
j 3 1 2 1 0 1 0
m
r
t 1
I 2 E 0 1 0 0 1
j 3 0 2 1 0 1 0
t 2
n 2 2 1 C
j 3 0 2 1 0 1 1
t 3
n 3 1 5 D
j 3 1 2 1 0 1 1
m
r
t 1
i 2 1 0 1 0 0 0
j 3 0 2 1 0 1 1
t 2
n 2 1 1 A
j 3 1 2 1 0 1 1
t 3
i 1 2 0 1 0 0 0
j 3 0 2 1 0 1 1
m
r
t 1
n 1 1 ? ?
j 3 1 2 1 0 1 1
t 2
I 1 E 0 1 1 0 1
j 3 0 2 1 0 1 1
t 3
n 3 1 1 C
j 3 1 2 1 0 1 1
m
r
t 1
n 1 2 ? ?
j 3 1 2 1 0 1 2
t 2
i 3 1 1 0 0 1 0
j 3 0 2 1 0 1 2
t 3
n 3 1 4 D
j 3 1 2 1 0 1 2
m
r
t 1
I 2 C 0 1 0 1 0
j 3 0 2 1 0 1 2
t 2
n 2 2 3 C
j 3 0 2 1 1 1 2
t 3
n 3 1 4 C
j 3 1 2 1 1 1 2
m
r
t 1
i 2 3 0 1 0 0 1
j 3 0 2 1 1 1 2
t 2
n 2 5 3 D
j 3 0 2 1 1 1 3
t 3
n 3 1 2 D
j 3 1 2 1 1 1 3
m
r
t 1
i 3 2 1 1 0 0 0
j 3 0 2 1 1 1 3
t 2
n 2 1 4 B
j 3 1 2 1 1 1 3
t 3
i 1 4 0 0 0 1 1
j 3 0 2 1 1 1 3
m
r
t 1
n 1 5 ? ?
j 3 0 2 1 1 1 4
t 2
n 2 1 4 A
j 3 1 2 1 1 1 4
t 3
i 1 5 0 0 1 0 0
j 3 0 2 1 1 1 4
m
r
t 1
n 1 3 ? ?
j 3 1 2 1 1 1 5
t 2
I 3 D 1 0 0 0 0
j 3 0 2 1 1 1 5
t 3
n 3 1 2 C
j 3 0 2 1 1 2 5
m
r
t 1
n 1 1 ? ?
j 3 1 2 1 1 2 5
t 2
i 1 3 0 1 0 0 0
j 3 0 2 1 1 2 5
t 3
n 3 1 1 B
j 3 1 2 1 1 2 5
m
r
t 1
i 2 3 0 1 0 0 1
j 3 0 2 1 1 2 5
t 2
n 2 1 3 A
j 3 1 2 1 1 2 5
t 3
I 1 D 0 1 0 1 1
j 3 0 2 1 1 2 5
m
r
t 1
n 1 2 ? ?
j 3 0 2 1 1 3 5
t 2
n 2 1 4 A
j 3 1 2 1 1 3 5
t 3
n 3 1 1 A
j 3 2 2 1 1 3 5
m
r
t 1
n 1 4 ? ?
j 3 2 2 1 1 4 5
t 2
I 3 B 0 1 0 0 0
j 3 1 2 1 1 4 5
t 3
n 3 2 2 E
j 3 1 2 2 1 4 5
m
r
t 1
i 3 3 0 0 0 0 1
j 3 0 2 2 1 4 5
t 2
n 2 1 2 B
j 3 1 2 2 1 4 5
t 3
n 3 1 3 C
j 3 2 2 2 1 4 5
m
r
t 1
I 3 A 0 0 0 0 1
j 3 1 2 2 1 4 5
t 2
n 2 1 2 D
j 3 2 2 2 1 4 5
t 3
n 3 5 1 D
j 3 2 3 2 1 4 5
m
r
t 1
n 1 1 ? ?
j 3 3 3 2 1 4 5
f 1
p 5 3 1 5
n 1 1 ? ?
n 1 2 ? ?
n 1 3 ? ?
n 1 4 ? ?
n 1 5 ? ?
n 2 1 1 C
n 2 2 1 A
n 2 3 5 B
n 2 4 2 B
n 2 5 3 B
n 3 1 1 A
n 3 2 3 E
n 3 3 1 E
n 3 4 2 A
n 3 5 1 C
j 3 8 0 0 0 0 0
t 1
i 2 1 1 1 0 0 0
j 3 7 0 0 0 0 0
t 2
i 1 1 0 0 1 0 0
j 3 6 0 0 0 0 0
t 3
I 1 D 0 0 1 0 0
j 3 5 0 0 0 0 0
m
r
t 1
n 1 3 ? ?
j 3 5 0 0 0 1 0
t 2
i 3 1 1 0 1 0 1
j 3 4 0 0 0 1 0
t 3
I 2 C 1 0 0 0 0
j 3 3 0 0 0 1 0
m
r
t 1
I 2 A 0 1 0 0 0
j 3 2 0 0 0 1 0
t 2
n 2 1 2 E
j 3 2 0 0 1 1 0
t 3
n 3 1 4 A
j 3 3 0 0 1 1 0
m
r
t 1
I 3 E 0 1 1 0 0
j 3 2 0 0 1 1 0
t 2
n 2 2 1 D
j 3 2 1 0 1 1 0
t 3
n 3 3 2 B
j 3 2 1 0 1 1 1
m
r
t 1
i 2 2 1 0 0 1 0
j 3 1 1 0 1 1 1
t 2
i 3 2 0 0 1 1 0
j 3 0 1 0 1 1 1
t 3
n 3 1 4 C
j 3 1 1 0 1 1 1
m
r
t 1
I 2 E 1 0 0 0 0
j 3 0 1 0 1 1 1
t 2
n 2 1 4 D
j 3 0 1 0 1 1 2
t 3
n 3 1 1 D
j 3 1 1 0 1 1 2
m
r
t 1
i 3 3 0 1 0 0 0
j 3 0 1 0 1 1 2
t 2
n 2 1 2 A
j 3 1 1 0 1 1 2
t 3
n 3 2 3 A
j 3 1 1 0 1 1 3
m
r
t 1
i 2 2 1 0 0 1 0
j 3 0 1 0 1 1 3
t 2
n 2 1 5 D
j 3 1 1 0 1 1 3
t 3
i 1 4 0 1 0 1 1
j 3 0 1 0 1 1 3
m
r
t 1
n 1 1 ? ?
j 3 1 1 0 1 1 3
t 2
I 1 E 1 1 0 0 0
j 3 0 1 0 1 1 3
t 3
n 3 1 2 D
j 3 1 1 0 1 1 3
m
r
t 1
n 1 2 ? ?
j 3 1 1 0 1 1 4
t 2
i 1 5 1 0 0 0 0
j 3 0 1 0 1 1 4
t 3
n 3 1 4 C
j 3 1 1 0 1 1 4
m
r
t 1
n 1 1 ? ?
j 3 2 1 0 1 1 5
t 2
I 3 A 0 1 0 1 0
j 3 1 1 0 1 1 5
t 3
n 3 4 3 C
j 3 1 2 0 1 1 5
m
r
t 1
i 3 3 0 1 0 1 0
j 3 0 2 0 1 1 5
t 2
n 2 1 4 E
j 3 1 2 0 1 1 5
t 3
n 3 2 2 C
j 3 1 3 0 1 1 5
m
r
t 1
i 3 2 0 1 1 0 0
j 3 0 3 0 1 1 5
t 2
n 2 1 1 B
j 3 1 3 0 1 1 5
t 3
I 1 A 0 0 0 0 1
j 3 0 3 0 1 1 5
m
r
t 1
n 1 5 ? ?
j 3 0 4 0 1 1 5
t 2
n 2 1 3 D
j 3 1 4 0 1 1 5
t 3
i 1 1 0 0 0 0 1
j 3 0 4 0 1 1 5
m
r
t 1
n 1 1 ? ?
j 3 1 4 0 1 1 5
t 2
I 1 B 0 1 0 1 1
j 3 0 4 0 1 1 5
t 3
n 3 1 5 C
j 3 1 4 0 1 1 5
m
r
t 1
n 1 5 ? ?
j 3 1 4 1 1 1 5
t 2
I 3 C 1 1 0 1 1
j 3 0 4 1 1 1 5
t 3
n 3 2 1 A
j 3 0 4 1 2 1 5
m
r
t 1
n 1 1 ? ?
j 3 1 4 1 2 1 5
t 2
I 3 B 0 0 1 0 0
j 3 0 4 1 2 1 5
t 3
n 3 3 2 C
j 3 0 4 2 2 1 5
m
r
t 1
n 1 1 ? ?
j 3 1 4 2 2 1 5
t 2
i 1 3 1 0 1 0 0
j 3 0 4 2 2 1 5
t 3
n 3 4 2 D
j 3 0 4 2 3 1 5
m
r
t 1
n 1 1 ? ?
j 3 1 4 2 3 1 5
t 2
i 3 2 0 0 1 1 0
j 3 0 4 2 3 1 5
t 3
n 3 1 1 B
j 3 1 4 2 3 1 5
m
r
t 1
i 2 3 1 0 0 0 1
j 3 0 4 2 3 1 5
t 2
n 2 1 1 E
j 3 1 4 2 3 1 5
t 3
I 2 B 0 0 1 1 1
j 3 0 4 2 3 1 5
m
r
t 1
n 1 1 ? ?
j 3 1 4 2 3 1 5
t 2
n 2 5 3 B
j 3 1 4 3 3 1 5
f 1
p 5 3 1 5
n 1 1 ? ?
n 1 2 ? ?
n 1 3 ? ?
n 1 4 ? ?
n 1 5 ? ?
n 2 1 1 A
n 2 2 1 A
n 2 3 4 A
n 2 4 4 D
n 2 5 3 C
n 3 1 5 D
n 3 2 3 B
n 3 3 1 D
n 3 4 3 D
n 3 5 1 A
j 3 8 0 0 0 0 0
t 1
i 2 1 1 1 0 0 0
j 3 7 0 0 0 0 0
t 2
i 1 1 1 0 1 0 0
j 3 6 0 0 0 0 0
t 3
I 1 B 1 0 0 0 0
j 3 5 0 0 0 0 0
m
r
t 1
n 1 1 ? ?
j 3 5 0 1 0 0 0
t 2
I 1 C 1 0 1 0 0
j 3 4 0 1 0 0 0
t 3
I 2 A 1 1 1 0 0
j 3 3 0 1 0 0 0
m
r
t 1
n 1 3 ? ?
j 3 3 0 1 1 0 0
t 2
n 2 1 3 B
j 3 3 1 1 1 0 0
t 3
i 1 2 1 0 0 0 0
j 3 2 1 1 1 0 0
m
r
t 1
n 1 1 ? ?
j 3 2 1 1 2 0 0
t 2
i 3 1 0 0 1 0 1
j 3 1 1 1 2 0 0
t 3
i 2 3 1 0 0 0 1
j 3 0 1 1 2 0 0
m
r
t 1
n 1 1 ? ?
j 3 1 1 1 2 0 0
t 2
I 3 D 1 0 1 1 0
j 3 0 1 1 2 0 0
t 3
n 3 3 2 D
j 3 0 1 1 2 1 0
m
r
t 1
n 1 1 ? ?
j 3 1 1 1 2 1 0
t 2
i 1 2 1 0 0 0 0
j 3 0 1 1 2 1 0
t 3
n 3 1 1 E
j 3 1 1 1 2 1 0
m
r
t 1
I 2 C 0 0 0 0 1
j 3 0 1 1 2 1 0
t 2
n 2 5 5 E
j 3 0 1 1 3 1 0
t 3
n 3 1 1 B
j 3 1 1 1 3 1 0
m
r
t 1
i 3 2 0 0 1 0 0
j 3 0 1 1 3 1 0
t 2
n 2 1 2 A
j 3 1 1 1 3 1 0
t 3
I 1 A 1 0 0 0 0
j 3 0 1 1 3 1 0
m
r
t 1
n 1 1 ? ?
j 3 0 2 1 3 1 0
t 2
n 2 1 1 E
j 3 1 2 1 3 1 0
t 3
i 2 1 1 1 0 0 0
j 3 0 2 1 3 1 0
m
r
t 1
n 1 1 ? ?
j 3 1 2 1 3 1 0
t 2
I 3 D 0 0 1 1 0
j 3 0 2 1 3 1 0
t 3
n 3 3 4 B
j 3 0 2 1 3 2 0
m
r
t 1
n 1 1 ? ?
j 3 1 2 1 3 2 0
t 2
i 1 3 1 0 1 1 0
j 3 0 2 1 3 2 0
t 3
n 3 1 4 B
j 3 1 2 1 3 2 0
m
r
t 1
I 2 E 1 0 0 0 1
j 3 0 2 1 3 2 0
t 2
n 2 1 1 B
j 3 0 2 1 3 2 1
t 3
n 3 1 3 D
j 3 1 2 1 3 2 1
m
r
t 1
i 3 3 1 1 0 1 0
j 3 0 2 1 3 2 1
t 2
n 2 1 1 C
j 3 1 2 1 3 2 1
t 3
n 3 4 4 A
j 3 1 2 1 3 3 1
m
r
t 1
i 2 4 0 0 1 1 0
j 3 0 2 1 3 3 1
t 2
n 2 1 1 C
j 3 1 2 1 3 3 1
t 3
I 1 A 1 0 0 0 0
j 3 0 2 1 3 3 1
m
r
t 1
n 1 1 ? ?
j 3 0 3 1 3 3 1
t 2
n 2 3 4 E
j 3 0 4 1 3 3 1
t 3
n 3 1 2 E
j 3 1 4 1 3 3 1
m
r
t 1
I 2 D 0 0 0 1 0
j 3 0 4 1 3 3 1
t 2
n 2 4 1 D
j 3 0 4 1 3 4 1
t 3
n 3 1 3 C
j 3 1 4 1 3 4 1
m
r
t 1
n 1 1 ? ?
j 3 2 4 1 3 4 1
t 2
i 1 4 1 1 0 0 1
j 3 1 4 1 3 4 1
t 3
I 1 C 1 0 0 0 0
j 3 0 4 1 3 4 1
m
r
t 1
n 1 1 ? ?
j 3 0 4 1 4 4 1
t 2
n 2 1 1 D
j 3 1 4 1 4 4 1
t 3
n 3 1 2 B
j 3 2 4 1 4 4 1
m
r
t 1
i 3 2 1 0 0 0 0
j 3 1 4 1 4 4 1
t 2
I 3 B 1 1 1 0 0
j 3 0 4 1 4 4 1
t 3
n 3 1 4 C
j 3 0 4 2 4 4 1
m
r
t 1
n 1 1 ? ?
j 3 1 4 2 4 4 1
t 2
n 2 1 2 E
j 3 2 4 2 4 4 1
t 3
n 3 2 3 A
j 3 2 4 3 4 4 1
m
r
f 1
p 5 3 1 5
n 1 1 ? ?
n 1 2 ? ?
n 1 3 ? ?
n 1 4 ? ?
n 1 5 ? ?
n 2 1 3 C
n 2 2 1 B
n 2 3 2 C
n 2 4 1 E
n 2 5 1 D
n 3 1 3 C
n 3 2 5 A
n 3 3 3 A
n 3 4 5 D
n 3 5 4 D
j 3 8 0 0 0 0 0
t 1
i 2 1 0 1 0 1 1
j 3 7 0 0 0 0 0
t 2
i 1 1 0 0 0 0 1
j 3 6 0 0 0 0 0
t 3
I 1 B 1 0 1 0 1
j 3 5 0 0 0 0 0
m
r
t 1
n 1 5 ? ?
j 3 5 0 1 0 0 0
t 2
i 1 2 0 0 0 0 1
j 3 4 0 1 0 0 0
t 3
I 1 B 1 0 1 0 1
j 3 3 0 1 0 0 0
m
r
t 1
n 1 5 ? ?
j 3 3 0 2 0 0 0
t 2
i 1 1 0 0 0 0 1
j 3 2 0 2 0 0 0
t 3
I 1 C 0 0 0 0 1
j 3 1 0 2 0 0 0
m
r
t 1
n 1 5 ? ?
j 3 1 0 2 1 0 0
t 2
i 1 1 0 0 0 0 1
j 3 0 0 2 1 0 0
t 3
n 3 1 1 A
j 3 1 0 2 1 0 0
m
r
t 1
i 2 2 0 0 1 0 0
j 3 0 0 2 1 0 0
t 2
n 2 1 2 D
j 3 1 0 2 1 0 0
t 3
I 1 A 0 0 0 0 1
j 3 0 0 2 1 0 0
m
r
t 1
n 1 5 ? ?
j 3 0 1 2 1 0 0
t 2
n 2 1 5 C
j 3 1 1 2 1 0 0
t 3
I 2 C 1 0 1 0 0
j 3 0 1 2 1 0 0
m
r
t 1
n 1 1 ? ?
j 3 1 1 2 1 0 0
t 2
n 2 3 1 A
j 3 1 1 2 2 0 0
t 3
I 2 E 0 0 0 1 0
j 3 0 1 2 2 0 0
m
r
t 1
n 1 1 ? ?
j 3 1 1 2 2 0 0
t 2
n 2 4 2 A
j 3 1 1 2 2 0 1
t 3
i 1 2 0 0 0 0 1
j 3 0 1 2 2 0 1
m
r
t 1
n 1 1 ? ?
j 3 1 1 2 2 0 1
t 2
I 1 E 0 1 0 1 1
j 3 0 1 2 2 0 1
t 3
n 3 1 2 E
j 3 1 1 2 2 0 1
m
r
t 1
n 1 5 ? ?
j 3 1 1 2 2 0 2
t 2
i 1 3 0 0 0 1 0
j 3 0 1 2 2 0 2
t 3
n 3 1 4 E
j 3 1 1 2 2 0 2
m
r
t 1
n 1 4 ? ?
j 3 1 1 2 2 0 3
t 2
i 3 4 1 0 0 0 1
j 3 0 1 2 2 0 3
t 3
n 3 1 1 C
j 3 1 1 2 2 0 3
m
r
t 1
i 2 2 0 0 0 1 0
j 3 0 1 2 2 0 3
t 2
n 2 1 3 B
j 3 1 1 2 2 0 3
t 3
i 2 3 1 0 0 0 0
j 3 0 1 2 2 0 3
m
r
t 1
n 1 1 ? ?
j 3 1 1 2 2 0 3
t 2
n 2 1 4 A
j 3 2 1 2 2 0 3
t 3
I 2 A 1 0 1 1 0
j 3 1 1 2 2 0 3
m
r
t 1
I 2 D 0 0 0 0 1
j 3 0 1 2 2 0 3
t 2
n 2 4 3 D
j 3 0 2 2 2 0 3
t 3
n 3 1 3 A
j 3 1 2 2 2 0 3
m
r
t 1
i 3 3 1 0 1 0 0
j 3 0 2 2 2 0 3
t 2
n 2 5 1 D
j 3 0 2 2 2 1 3
t 3
n 3 1 4 B
j 3 1 2 2 2 1 3
m
r
t 1
I 3 A 0 1 1 0 0
j 3 0 2 2 2 1 3
t 2
n 2 1 2 A
j 3 1 2 2 2 1 3
t 3
n 3 3 1 E
j 3 1 3 2 2 1 3
m
r
t 1
n 1 1 ? ?
j 3 2 3 2 2 1 3
t 2
i 1 2 0 0 0 1 1
j 3 1 3 2 2 1 3
t 3
I 1 D 0 0 0 0 1
j 3 0 3 2 2 1 3
m
r
t 1
n 1 5 ? ?
j 3 0 3 2 2 2 3
t 2
n 2 1 1 B
j 3 1 3 2 2 2 3
t 3
i 2 3 0 0 0 1 0
j 3 0 3 2 2 2 3
m
r
t 1
n 1 1 ? ?
j 3 1 3 2 2 2 3
t 2
n 2 1 3 E
j 3 2 3 2 2 2 3
t 3
I 2 D 0 0 0 1 1
j 3 1 3 2 2 2 3
m
r
t 1
n 1 1 ? ?
j 3 2 3 2 2 2 3
t 2
n 2 4 3 B
j 3 2 3 2 2 3 3
t 3
i 2 3 1 0 0 1 0
j 3 1 3 2 2 3 3
m
r
t 1
I 2 B 0 1 0 1 0
j 3 0 3 2 2 3 3
t 2
n 2 4 1 C
j 3 0 3 3 2 3 3
t 3
n 3 1 4 E
j 3 1 3 3 2 3 3
m
r
f 1
p 5 3 1 5
n 1 1 ? ?
n 1 2 ? ?
n 1 3 ? ?
n 1 4 ? ?
n 1 5 ? ?
n 2 1 1 E
n 2 2 1 A
n 2 3 1 D
n 2 4 5 D
n 2 5 5 B
n 3 1 3 E
n 3 2 2 D
n 3 3 3 C
n 3 4 3 A
n 3 5 2 B
j 3 8 0 0 0 0 0
t 1
i 2 1 1 1 1 0 0
j 3 7 0 0 0 0 0
t 2
i 1 1 0 0 1 0 0
j 3 6 0 0 0 0 0
t 3
I 1 C 0 1 1 1 0
j 3 5 0 0 0 0 0
m
r
t 1
n 1 3 ? ?
j 3 5 0 0 1 0 0
t 2
i 1 2 1 1 0 1 0
j 3 4 0 0 1 0 0
t 3
I 2 E 1 0 0 0 0
j 3 3 0 0 1 0 0
m
r
t 1
n 1 2 ? ?
j 3 3 0 0 2 0 0
t 2
n 2 1 2 D
j 3 3 0 0 2 0 1
t 3
i 1 1 0 1 0 0 0
j 3 2 0 0 2 0 1
m
r
t 1
I 2 A 0 1 0 0 0
j 3 1 0 0 2 0 1
t 2
n 2 2 5 C
j 3 1 1 0 2 0 1
t 3
I 1 B 1 1 0 0 0
j 3 0 1 0 2 0 1
m
r
t 1
n 1 2 ? ?
j 3 0 1 1 2 0 1
t 2
n 2 1 1 A
j 3 1 1 1 2 0 1
t 3
I 2 D 0 0 1 1 0
j 3 0 1 1 2 0 1
m
r
t 1
n 1 1 ? ?
j 3 0 1 2 2 0 1
t 2
n 2 3 1 C
j 3 0 1 2 2 1 1
t 3
n 3 1 4 A
j 3 1 1 2 2 1 1
m
r
t 1
i 3 2 0 1 0 0 1
j 3 0 1 2 2 1 1
t 2
n 2 1 4 C
j 3 1 1 2 2 1 1
t 3
n 3 1 2 E
j 3 2 1 2 2 1 1
m
r
t 1
i 3 2 1 1 0 0 1
j 3 1 1 2 2 1 1
t 2
I 3 E 1 0 0 0 0
j 3 0 1 2 2 1 1
t 3
n 3 1 1 E
j 3 0 1 2 2 1 2
m
r
t 1
n 1 1 ? ?
j 3 1 1 2 2 1 2
t 2
i 1 3 0 0 1 0 0
j 3 0 1 2 2 1 2
t 3
n 3 1 3 B
j 3 1 1 2 2 1 2
m
r
t 1
i 3 3 1 0 1 1 0
j 3 0 1 2 2 1 2
t 2
n 2 1 4 B
j 3 1 1 2 2 1 2
t 3
I 1 E 0 0 1 0 0
j 3 0 1 2 2 1 2
m
r
t 1
n 1 3 ? ?
j 3 0 1 2 2 1 3
t 2
n 2 1 3 D
j 3 1 1 2 2 1 3
t 3
n 3 1 3 B
j 3 2 1 2 2 1 3
m
r
t 1
i 3 3 1 0 1 1 0
j 3 1 1 2 2 1 3
t 2
I 3 B 1 0 0 0 1
j 3 0 1 2 2 1 3
t 3
n 3 1 5 A
j 3 0 1 3 2 1 3
m
r
t 1
n 1 1 ? ?
j 3 1 1 3 2 1 3
t 2
I 3 D 0 1 0 0 0
j 3 0 1 3 2 1 3
t 3
n 3 2 5 E
j 3 0 1 3 2 2 3
m
r
t 1
n 1 1 ? ?
j 3 1 1 3 2 2 3
t 2
I 3 C 0 0 1 0 0
j 3 0 1 3 2 2 3
t 3
n 3 3 4 C
j 3 0 1 3 3 2 3
m
r
t 1
n 1 1 ? ?
j 3 1 1 3 3 2 3
t 2
i 1 2 1 0 1 1 0
j 3 0 1 3 3 2 3
t 3
n 3 1 1 B
j 3 1 1 3 3 2 3
m
r
t 1
i 2 3 1 0 0 0 0
j 3 0 1 3 3 2 3
t 2
n 2 1 4 A
j 3 1 1 3 3 2 3
t 3
I 1 A 1 0 0 0 0
j 3 0 1 3 3 2 3
m
r
t 1
n 1 1 ? ?
j 3 0 2 3 3 2 3
t 2
n 2 1 1 E
j 3 1 2 3 3 2 3
t 3
n 3 4 4 E
j 3 1 3 3 3 2 3
m
r
t 1
i 3 4 0 0 1 1 0
j 3 0 3 3 3 2 3
t 2
n 2 1 1 D
j 3 1 3 3 3 2 3
t 3
n 3 1 3 A
j 3 2 3 3 3 2 3
m
r
t 1
I 3 C 0 0 1 0 0
j 3 1 3 3 3 2 3
t 2
I 3 E 0 1 0 1 0
j 3 0 3 3 3 2 3
t 3
n 3 3 2 A
j 3 0 3 3 4 2 3
m
r
t 1
n 1 1 ? ?
j 3 1 3 3 4 2 3
t 2
n 2 1 4 E
j 3 2 3 3 4 2 3
t 3
n 3 4 1 D
j 3 2 3 3 4 2 4
m
r
f 1
p 5 3 1 5
n 1 1 ? ?
n 1 2 ? ?
n 1 3 ? ?
n 1 4 ? ?
n 1 5 ? ?
n 2 1 4 E
n 2 2 4 D
n 2 3 1 C
n 2 4 4 A
n 2 5 1 D
n 3 1 2 E
n 3 2 2 B
n 3 3 2 D
n 3 4 3 D
n 3 5 5 E
j 3 8 0 0 0 0 0
t 1
i 2 1 0 0 1 0 1
j 3 7 0 0 0 0 0
t 2
i 1 1 1 0 0 0 0
j 3 6 0 0 0 0 0
t 3
I 1 B 1 0 0 0 0
j 3 5 0 0 0 0 0
m
r
t 1
n 1 1 ? ?
j 3 5 0 1 0 0 0
t 2
i 1 1 1 0 0 0 0
j 3 4 0 1 0 0 0
t 3
I 1 E 1 0 0 0 0
j 3 3 0 1 0 0 0
m
r
t 1
n 1 1 ? ?
j 3 3 0 1 0 0 1
t 2
i 1 1 1 0 0 0 0
j 3 2 0 1 0 0 1
t 3
I 1 C 1 1 0 0 0
j 3 1 0 1 0 0 1
m
r
t 1
n 1 1 ? ?
j 3 1 0 1 1 0 1
t 2
i 3 2 1 1 1 0 0
j 3 0 0 1 1 0 1
t 3
n 3 1 3 A
j 3 1 0 1 1 0 1
m
r
t 1
I 2 D 0 1 0 0 1
j 3 0 0 1 1 0 1
t 2
n 2 5 5 D
j 3 0 0 1 1 1 1
t 3
n 3 1 4 D
j 3 1 0 1 1 1 1
m
r
t 1
I 3 B 0 1 0 0 0
j 3 0 0 1 1 1 1
t 2
n 2 1 2 B
j 3 1 0 1 1 1 1
t 3
n 3 2 2 E
j 3 1 0 2 1 1 1
m
r
t 1
i 3 2 0 1 1 0 0
j 3 0 0 2 1 1 1
t 2
n 2 1 4 C
j 3 1 0 2 1 1 1
t 3
i 1 2 0 0 1 1 0
j 3 0 0 2 1 1 1
m
r
t 1
n 1 1 ? ?
j 3 1 0 2 1 1 1
t 2
I 1 D 0 0 0 1 0
j 3 0 0 2 1 1 1
t 3
n 3 1 2 C
j 3 1 0 2 1 1 1
m
r
t 1
n 1 4 ? ?
j 3 1 0 2 1 2 1
t 2
i 3 2 1 1 1 0 0
j 3 0 0 2 1 2 1
t 3
n 3 1 4 B
j 3 1 0 2 1 2 1
m
r
t 1
I 3 E 0 1 0 0 1
j 3 0 0 2 1 2 1
t 2
n 2 1 1 A
j 3 1 0 2 1 2 1
t 3
n 3 2 3 E
j 3 1 0 2 1 2 2
m
r
t 1
i 2 1 1 0 1 0 0
j 3 0 0 2 1 2 2
t 2
n 2 1 3 E
j 3 1 0 2 1 2 2
t 3
i 2 3 1 0 0 0 0
j 3 0 0 2 1 2 2
m
r
t 1
n 1 1 ? ?
j 3 1 0 2 1 2 2
t 2
i 3 3 0 1 0 1 0
j 3 0 0 2 1 2 2
t 3
n 3 1 3 C
j 3 1 0 2 1 2 2
m
r
t 1
I 2 E 1 0 0 0 0
j 3 0 0 2 1 2 2
t 2
n 2 1 1 E
j 3 0 0 2 1 2 3
t 3
n 3 1 1 D
j 3 1 0 2 1 2 3
m
r
t 1
I 3 D 1 0 1 1 0
j 3 0 0 2 1 2 3
t 2
n 2 1 3 B
j 3 1 0 2 1 2 3
t 3
n 3 4 2 C
j 3 1 0 2 1 3 3
m
r
t 1
i 2 3 1 0 0 0 0
j 3 0 0 2 1 3 3
t 2
n 2 1 1 A
j 3 1 0 2 1 3 3
t 3
i 2 1 1 0 1 0 0
j 3 0 0 2 1 3 3
m
r
t 1
n 1 1 ? ?
j 3 1 0 2 1 3 3
t 2
i 3 2 0 0 1 1 0
j 3 0 0 2 1 3 3
t 3
n 3 1 3 D
j 3 1 0 2 1 3 3
m
r
t 1
I 2 A 1 0 0 1 0
j 3 0 0 2 1 3 3
t 2
n 2 1 1 B
j 3 0 1 2 1 3 3
t 3
n 3 1 3 C
j 3 1 1 2 1 3 3
m
r
t 1
n 1 3 ? ?
j 3 1 2 2 1 3 3
t 2
i 1 3 0 0 1 1 0
j 3 0 2 2 1 3 3
t 3
n 3 1 1 B
j 3 1 2 2 1 3 3
m
r
t 1
i 2 4 0 1 0 1 0
j 3 0 2 2 1 3 3
t 2
n 2 2 5 A
j 3 0 2 2 1 4 3
t 3
n 3 1 4 B
j 3 1 2 2 1 4 3
m
r
t 1
i 2 5 0 1 0 0 1
j 3 0 2 2 1 4 3
t 2
n 2 1 4 E
j 3 1 2 2 1 4 3
t 3
I 1 B 0 0 1 0 0
j 3 0 2 2 1 4 3
m
r
t 1
n 1 3 ? ?
j 3 0 2 3 1 4 3
t 2
n 2 1 5 C
j 3 1 2 3 1 4 3
t 3
I 1 A 0 0 1 1 1
j 3 0 2 3 1 4 3
m
r
t 1
n 1 4 ? ?
j 3 0 3 3 1 4 3
f 1
p 5 3 1 5
n 1 1 ? ?
n 1 2 ? ?
n 1 3 ? ?
n 1 4 ? ?
n 1 5 ? ?
n 2 1 1 B
n 2 2 3 C
n 2 3 1 B
n 2 4 1 B
n 2 5 4 A
n 3 1 1 C
n 3 2 1 E
n 3 3 5 D
n 3 4 5 E
n 3 5 4 C
j 3 8 0 0 0 0 0
t 1
i 2 1 1 0 1 1 0
j 3 7 0 0 0 0 0
t 2
i 1 1 0 1 0 1 0
j 3 6 0 0 0 0 0
t 3
I 1 C 0 1 0 0 0
j 3 5 0 0 0 0 0
m
r
t 1
n 1 2 ? ?
j 3 5 0 0 1 0 0
t 2
I 1 E 0 1 0 1 0
j 3 4 0 0 1 0 0
t 3
I 2 B 1 0 1 1 0
j 3 3 0 0 1 0 0
m
r
t 1
n 1 4 ? ?
j 3 3 0 0 1 0 1
t 2
n 2 1 4 C
j 3 3 0 1 1 0 1
t 3
i 1 2 1 0 0 1 0
j 3 2 0 1 1 0 1
m
r
t 1
n 1 1 ? ?
j 3 3 0 1 1 0 1
t 2
i 1 2 1 0 0 1 0
j 3 2 0 1 1 0 1
t 3
I 1 E 1 1 0 0 0
j 3 1 0 1 1 0 1
m
r
t 1
n 1 1 ? ?
j 3 1 0 1 1 0 2
t 2
i 1 1 1 0 0 0 0
j 3 0 0 1 1 0 2
t 3
n 3 1 3 D
j 3 1 0 1 1 0 2
m
r
t 1
n 1 1 ? ?
j 3 2 0 1 1 0 2
t 2
I 1 B 0 0 0 1 1
j 3 1 0 1 1 0 2
t 3
n 3 1 3 E
j 3 2 0 1 1 0 2
m
r
t 1
n 1 4 ? ?
j 3 2 0 2 1 0 2
t 2
i 1 3 0 0 1 0 1
j 3 1 0 2 1 0 2
t 3
n 3 1 3 B
j 3 2 0 2 1 0 2
m
r
t 1
n 1 5 ? ?
j 3 2 0 3 1 0 2
t 2
n 2 1 1 E
j 3 3 0 3 1 0 2
t 3
n 3 1 3 C
j 3 4 0 3 1 0 2
m
r
t 1
n 1 1 ? ?
j 3 5 0 3 1 0 2
t 2
i 1 2 1 0 0 0 1
j 3 4 0 3 1 0 2
t 3
I 1 C 1 0 0 1 0
j 3 3 0 3 1 0 2
m
r
t 1
n 1 1 ? ?
j 3 3 0 3 2 0 2
t 2
i 3 3 1 0 0 0 0
j 3 2 0 3 2 0 2
t 3
i 2 3 0 1 0 0 0
j 3 1 0 3 2 0 2
m
r
t 1
I 2 C 0 1 0 0 0
j 3 0 0 3 2 0 2
t 2
n 2 2 4 D
j 3 0 0 3 3 0 2
t 3
n 3 1 1 D
j 3 1 0 3 3 0 2
m
r
t 1
i 3 1 1 1 0 0 0
j 3 0 0 3 3 0 2
t 2
n 2 1 2 C
j 3 1 0 3 3 0 2
t 3
n 3 1 2 A
j 3 2 0 3 3 0 2
m
r
t 1
i 3 4 0 0 0 0 1
j 3 1 0 3 3 0 2
t 2
I 3 C 0 0 0 0 1
j 3 0 0 3 3 0 2
t 3
n 3 5 1 A
j 3 0 0 3 4 0 2
m
r
t 1
n 1 1 ? ?
j 3 1 0 3 4 0 2
t 2
i 1 5 0 0 0 1 0
j 3 0 0 3 4 0 2
t 3
n 3 1 4 B
j 3 1 0 3 4 0 2
m
r
t 1
n 1 4 ? ?
j 3 2 0 3 5 0 2
t 2
i 3 4 1 0 0 0 0
j 3 1 0 3 5 0 2
t 3
n 3 1 1 D
j 3 2 0 3 5 0 2
m
r
t 1
i 3 1 1 1 0 0 1
j 3 1 0 3 5 0 2
t 2
I 3 D 1 0 1 0 0
j 3 0 0 3 5 0 2
t 3
n 3 1 1 A
j 3 0 0 3 5 1 2
m
r
t 1
n 1 1 ? ?
j 3 1 0 3 5 1 2
t 2
i 1 4 1 1 0 0 0
j 3 0 0 3 5 1 2
t 3
n 3 1 4 D
j 3 1 0 3 5 1 2
m
r
t 1
I 3 A 0 0 0 0 1
j 3 0 0 3 5 1 2
t 2
n 2 1 5 B
j 3 1 0 3 5 1 2
t 3
n 3 5 3 A
j 3 1 1 3 5 1 2
m
r
t 1
n 1 1 ? ?
j 3 2 1 3 5 1 2
t 2
n 2 1 4 A
j 3 3 1 3 5 1 2
t 3
n 3 1 4 E
j 3 4 1 3 5 1 2
m
r
t 1
n 1 1 ? ?
j 3 5 1 3 5 1 2
t 2
n 2 1 2 D
j 3 6 1 3 5 1 2
t 3
i 2 2 1 0 0 0 0
j 3 5 1 3 5 1 2
m
r
t 1
I 2 D 1 1 0 0 0
j 3 4 1 3 5 1 2
t 2
n 2 1 3 E
j 3 4 1 3 5 2 2
f 1
p 5 3 1 5
n 1 1 ? ?
n 1 2 ? ?
n 1 3 ? ?
n 1 4 ? ?
n 1 5 ? ?
n 2 1 4 B
n 2 2 1 A
n 2 3 4 C
n 2 4 2 D
n 2 5 3 A
n 3 1 2 C
n 3 2 1 B
n 3 3 3 A
n 3 4 4 D
n 3 5 2 C
j 3 8 0 0 0 0 0
t 1
i 2 1 0 1 0 0 0
j 3 7 0 0 0 0 0
t 2
i 1 1 0 0 0 1 1
j 3 6 0 0 0 0 0
t 3
I 1 C 0 1 0 1 0
j 3 5 0 0 0 0 0
m
r
t 1
n 1 4 ? ?
j 3 5 0 0 1 0 0
t 2
I 1 D 0 0 0 0 1
j 3 4 0 0 1 0 0
t 3
I 2 A 0 1 0 0 1
j 3 3 0 0 1 0 0
m
r
t 1
n 1 5 ? ?
j 3 3 0 0 1 1 0
t 2
n 2 2 1 B
j 3 3 1 0 1 1 0
t 3
i 2 1 0 1 0 0 0
j 3 2 1 0 1 1 0
m
r
t 1
I 2 B 1 1 0 0 0
j 3 1 1 0 1 1 0
t 2
n 2 2 1 C
j 3 1 1 1 1 1 0
t 3
i 2 2 0 0 0 1 0
j 3 0 1 1 1 1 0
m
r
t 1
n 1 1 ? ?
j 3 1 1 1 1 1 0
t 2
i 3 2 1 0 0 0 1
j 3 0 1 1 1 1 0
t 3
n 3 1 3 E
j 3 1 1 1 1 1 0
m
r
t 1
I 2 D 0 0 0 1 0
j 3 0 1 1 1 1 0
t 2
n 2 4 1 A
j 3 0 1 1 1 2 0
t 3
n 3 1 2 B
j 3 1 1 1 1 2 0
m
r
t 1
i 3 2 1 0 0 0 1
j 3 0 1 1 1 2 0
t 2
n 2 1 1 E
j 3 1 1 1 1 2 0
t 3
i 2 1 1 1 0 1 0
j 3 0 1 1 1 2 0
m
r
t 1
n 1 1 ? ?
j 3 1 1 1 1 2 0
t 2
i 1 1 1 0 0 0 0
j 3 0 1 1 1 2 0
t 3
n 3 1 3 D
j 3 1 1 1 1 2 0
m
r
t 1
I 2 E 1 0 0 0 0
j 3 0 1 1 1 2 0
t 2
n 2 1 4 A
j 3 0 1 1 1 2 1
t 3
n 3 1 1 D
j 3 1 1 1 1 2 1
m
r
t 1
I 3 C 0 0 0 0 1
j 3 0 1 1 1 2 1
t 2
n 2 1 1 E
j 3 1 1 1 1 2 1
t 3
n 3 5 5 E
j 3 1 1 1 2 2 1
m
r
t 1
n 1 1 ? ?
j 3 2 1 1 2 2 1
t 2
n 2 1 3 C
j 3 3 1 1 2 2 1
t 3
i 2 3 1 0 0 0 1
j 3 2 1 1 2 2 1
m
r
t 1
I 2 C 1 1 1 0 0
j 3 1 1 1 2 2 1
t 2
n 2 1 4 D
j 3 1 1 1 3 2 1
t 3
i 1 4 1 0 0 0 1
j 3 0 1 1 3 2 1
m
r
t 1
n 1 1 ? ?
j 3 1 1 1 3 2 1
t 2
n 2 1 2 A
j 3 2 1 1 3 2 1
t 3
i 2 2 1 0 0 0 0
j 3 1 1 1 3 2 1
m
r
t 1
I 2 A 1 0 0 1 1
j 3 0 1 1 3 2 1
t 2
n 2 1 4 E
j 3 0 2 1 3 2 1
t 3
n 3 1 2 D
j 3 1 2 1 3 2 1
m
r
t 1
i 2 4 1 0 1 0 0
j 3 0 2 1 3 2 1
t 2
n 2 3 5 A
j 3 0 2 1 4 2 1
t 3
n 3 1 3 B
j 3 1 2 1 4 2 1
m
r
t 1
i 3 3 1 0 1 0 0
j 3 0 2 1 4 2 1
t 2
n 2 5 2 B
j 3 0 3 1 4 2 1
t 3
n 3 1 1 A
j 3 1 3 1 4 2 1
m
r
t 1
i 2 2 0 0 0 0 1
j 3 0 3 1 4 2 1
t 2
n 2 1 3 D
j 3 1 3 1 4 2 1
t 3
i 1 5 0 1 1 0 0
j 3 0 3 1 4 2 1
m
r
t 1
n 1 2 ? ?
j 3 1 3 1 5 2 1
t 2
n 2 1 1 D
j 3 2 3 1 5 2 1
t 3
I 2 B 0 0 0 0 1
j 3 1 3 1 5 2 1
m
r
t 1
n 1 1 ? ?
j 3 2 3 1 5 2 1
t 2
n 2 5 2 E
j 3 2 3 2 5 2 1
t 3
i 2 2 0 0 0 0 1
j 3 1 3 2 5 2 1
m
r
t 1
I 2 E 0 0 0 0 1
j 3 0 3 2 5 2 1
t 2
n 2 5 1 C
j 3 0 3 2 5 2 2
t 3
n 3 1 3 B
j 3 1 3 2 5 2 2
m
r
t 1
i 3 3 1 0 1 0 0
j 3 0 3 2 5 2 2
t 2
n 2 1 2 A
j 3 1 3 2 5 2 2
t 3
i 1 3 0 0 0 1 0
j 3 0 3 2 5 2 2
m
r
t 1
n 1 1 ? ?
j 3 1 3 2 5 2 2
f 1
p 5 3 1 5
n 1 1 ? ?
n 1 2 ? ?
n 1 3 ? ?
n 1 4 ? ?
n 1 5 ? ?
n 2 1 1 A
n 2 2 2 A
n 2 3 3 B
n 2 4 4 D
n 2 5 2 C
n 3 1 5 C
n 3 2 4 C
n 3 3 3 A
n 3 4 1 E
n 3 5 1 D
j 3 8 0 0 0 0 0
t 1
i 2 1 1 0 0 0 0
j 3 7 0 0 0 0 0
t 2
i 1 1 0 0 1 0 1
j 3 6 0 0 0 0 0
t 3
I 1 B 0 1 1 0 0
j 3 5 0 0 0 0 0
m
r
t 1
n 1 3 ? ?
j 3 5 0 1 0 0 0
t 2
i 1 2 0 1 1 1 0
j 3 4 0 1 0 0 0
t 3
I 1 C 0 0 0 1 1
j 3 3 0 1 0 0 0
m
r
t 1
n 1 2 ? ?
j 3 3 0 2 0 0 0
t 2
i 3 1 0 0 0 1 1
j 3 2 0 2 0 0 0
t 3
I 2 A 1 1 0 0 0
j 3 1 0 2 0 0 0
m
r
t 1
n 1 5 ? ?
j 3 1 0 2 1 0 0
t 2
n 2 1 3 E
j 3 1 1 2 1 0 0
t 3
I 1 A 0 0 1 0 1
j 3 0 1 2 1 0 0
m
r
t 1
n 1 3 ? ?
j 3 0 2 2 1 0 0
t 2
n 2 1 4 C
j 3 1 2 2 1 0 0
t 3
i 2 3 0 0 1 0 0
j 3 0 2 2 1 0 0
m
r
t 1
n 1 4 ? ?
j 3 0 2 2 2 0 0
t 2
n 2 1 1 C
j 3 1 2 2 2 0 0
t 3
i 1 1 0 0 0 1 0
j 3 0 2 2 2 0 0
m
r
t 1
n 1 1 ? ?
j 3 1 2 2 2 0 0
t 2
I 1 E 0 1 0 1 0
j 3 0 2 2 2 0 0
t 3
n 3 1 1 B
j 3 1 2 2 2 0 0
m
r
t 1
n 1 4 ? ?
j 3 1 2 2 2 0 1
t 2
i 3 3 0 0 1 0 0
j 3 0 2 2 2 0 1
t 3
n 3 1 3 C
j 3 1 2 2 2 0 1
m
r
t 1
I 2 B 0 0 1 0 0
j 3 0 2 2 2 0 1
t 2
n 2 3 1 B
j 3 0 2 3 2 0 1
t 3
n 3 1 4 A
j 3 1 2 3 2 0 1
m
r
t 1
I 3 A 1 0 1 0 0
j 3 0 2 3 2 0 1
t 2
n 2 1 2 D
j 3 1 2 3 2 0 1
t 3
n 3 3 4 B
j 3 1 3 3 2 0 1
m
r
t 1
i 3 4 1 1 1 0 0
j 3 0 3 3 2 0 1
t 2
n 2 1 2 E
j 3 1 3 3 2 0 1
t 3
n 3 1 4 E
j 3 1 4 3 2 0 1
m
r
t 1
i 2 2 1 1 0 0 1
j 3 0 4 3 2 0 1
t 2
n 2 1 3 A
j 3 1 4 3 2 0 1
t 3
i 1 5 0 0 0 0 1
j 3 0 4 3 2 0 1
m
r
t 1
n 1 5 ? ?
j 3 1 5 3 2 0 1
t 2
i 1 1 1 0 0 0 1
j 3 0 5 3 2 0 1
t 3
n 3 1 2 D
j 3 1 5 3 2 0 1
m
r
t 1
I 3 B 0 0 1 0 0
j 3 0 5 3 2 0 1
t 2
n 2 1 5 B
j 3 1 5 3 2 0 1
t 3
n 3 3 1 D
j 3 1 5 4 2 0 1
m
r
t 1
i 2 5 1 0 0 0 0
j 3 0 5 4 2 0 1
t 2
n 2 1 3 C
j 3 1 5 4 2 0 1
t 3
I 1 D 0 0 0 1 1
j 3 0 5 4 2 0 1
m
r
t 1
n 1 5 ? ?
j 3 0 5 4 2 1 1
t 2
n 2 1 2 E
j 3 1 5 4 2 1 1
t 3
i 2 2 1 1 0 0 1
j 3 0 5 4 2 1 1
m
r
t 1
n 1 1 ? ?
j 3 1 5 4 2 1 1
t 2
i 3 2 1 0 0 0 0
j 3 0 5 4 2 1 1
t 3
n 3 1 3 B
j 3 1 5 4 2 1 1
m
r
t 1
I 2 E 1 0 0 0 0
j 3 0 5 4 2 1 1
t 2
n 2 1 4 A
j 3 0 5 4 2 1 2
t 3
n 3 1 1 E
j 3 1 5 4 2 1 2
m
r
t 1
n 1 1 ? ?
j 3 2 5 4 2 1 2
t 2
i 1 3 0 1 0 0 0
j 3 1 5 4 2 1 2
t 3
n 3 1 5 E
j 3 2 5 4 2 1 2
m
r
t 1
n 1 2 ? ?
j 3 2 5 4 2 1 3
t 2
i 1 4 0 1 0 1 1
j 3 1 5 4 2 1 3
t 3
I 1 E 0 0 0 0 1
j 3 0 5 4 2 1 3
m
r
t 1
n 1 5 ? ?
j 3 0 5 4 2 1 4
t 2
n 2 1 1 A
j 3 1 5 4 2 1 4
f 1
p 5 3 1 5
n 1 1 ? ?
n 1 2 ? ?
n 1 3 ? ?
n 1 4 ? ?
n 1 5 ? ?
n 2 1 3 A
n 2 2 2 C
n 2 3 2 A
n 2 4 3 B
n 2 5 4 E
n 3 1 5 B
n 3 2 1 D
n 3 3 1 B
n 3 4 4 B
n 3 5 1 A
j 3 8 0 0 0 0 0
t 1
i 3 1 0 1 1 0 1
j 3 7 0 0 0 0 0
t 2
i 1 1 0 1 0 0 0
j 3 6 0 0 0 0 0
t 3
I 1 C 0 1 0 0 1
j 3 5 0 0 0 0 0
m
r
t 1
n 1 2 ? ?
j 3 5 0 0 1 0 0
t 2
I 3 D 0 1 0 0 0
j 3 4 0 0 1 0 0
t 3
n 3 2 4 C
j 3 4 0 0 1 1 0
m
r
t 1
i 2 2 0 1 1 0 0
j 3 3 0 0 1 1 0
t 2
I 3 B 1 0 1 1 0
j 3 2 0 0 1 1 0
t 3
n 3 3 3 C
j 3 2 0 1 1 1 0
m
r
t 1
I 2 C 0 1 0 0 0
j 3 1 0 1 1 1 0
t 2
n 2 2 3 B
j 3 1 0 1 2 1 0
t 3
n 3 1 1 E
j 3 2 0 1 2 1 0
m
r
t 1
i 3 1 1 0 0 0 1
j 3 1 0 1 2 1 0
t 2
I 3 E 1 0 0 0 0
j 3 0 0 1 2 1 0
t 3
n 3 1 4 E
j 3 0 0 1 2 1 1
m
r
t 1
n 1 1 ? ?
j 3 1 0 1 2 1 1
t 2
i 1 2 0 0 0 1 0
j 3 0 0 1 2 1 1
t 3
n 3 1 2 D
j 3 1 0 1 2 1 1
m
r
t 1
i 3 2 1 0 0 0 0
j 3 0 0 1 2 1 1
t 2
n 2 1 4 A
j 3 1 0 1 2 1 1
t 3
I 1 E 0 1 0 1 0
j 3 0 0 1 2 1 1
m
r
t 1
n 1 4 ? ?
j 3 0 0 1 2 1 2
t 2
n 2 1 2 B
j 3 1 0 1 2 1 2
t 3
i 1 3 0 1 1 0 0
j 3 0 0 1 2 1 2
m
r
t 1
n 1 2 ? ?
j 3 0 0 1 2 1 3
t 2
n 2 1 3 C
j 3 1 0 1 2 1 3
t 3
i 1 1 1 0 0 1 0
j 3 0 0 1 2 1 3
m
r
t 1
n 1 1 ? ?
j 3 1 0 1 2 1 3
t 2
I 1 A 1 1 0 1 0
j 3 0 0 1 2 1 3
t 3
n 3 1 2 D
j 3 1 0 1 2 1 3
m
r
t 1
n 1 4 ? ?
j 3 1 1 1 2 1 3
t 2
i 1 2 1 0 0 1 0
j 3 0 1 1 2 1 3
t 3
n 3 1 2 E
j 3 1 1 1 2 1 3
m
r
t 1
n 1 1 ? ?
j 3 1 2 1 2 1 3
t 2
i 3 3 0 0 1 0 0
j 3 0 2 1 2 1 3
t 3
n 3 1 1 B
j 3 1 2 1 2 1 3
m
r
t 1
i 2 3 1 1 0 1 0
j 3 0 2 1 2 1 3
t 2
n 2 1 4 D
j 3 1 2 1 2 1 3
t 3
i 2 4 1 0 0 0 1
j 3 0 2 1 2 1 3
m
r
t 1
n 1 1 ? ?
j 3 1 2 1 2 1 3
t 2
i 1 2 1 0 0 1 0
j 3 0 2 1 2 1 3
t 3
n 3 1 3 D
j 3 1 2 1 2 1 3
m
r
t 1
I 2 E 0 0 0 0 1
j 3 0 2 1 2 1 3
t 2
n 2 5 4 D
j 3 0 2 1 2 1 4
t 3
n 3 1 1 D
j 3 1 2 1 2 1 4
m
r
t 1
I 3 C 0 1 1 0 0
j 3 0 2 1 2 1 4
t 2
n 2 1 5 E
j 3 1 2 1 2 1 4
t 3
n 3 3 1 E
j 3 1 2 1 3 1 4
m
r
t 1
i 2 5 1 0 0 0 0
j 3 0 2 1 3 1 4
t 2
n 2 1 3 A
j 3 1 2 1 3 1 4
t 3
I 1 B 1 0 0 0 0
j 3 0 2 1 3 1 4
m
r
t 1
n 1 1 ? ?
j 3 0 2 2 3 1 4
t 2
n 2 1 1 D
j 3 1 2 2 3 1 4
t 3
i 1 4 0 1 0 0 1
j 3 0 2 2 3 1 4
m
r
t 1
n 1 5 ? ?
j 3 0 2 2 4 1 4
t 2
n 2 1 5 A
j 3 1 2 2 4 1 4
t 3
I 2 B 0 1 0 1 0
j 3 0 2 2 4 1 4
m
r
t 1
n 1 1 ? ?
j 3 1 2 2 4 1 4
t 2
n 2 2 1 B
j 3 1 2 3 4 1 4
t 3
n 3 1 1 E
j 3 2 2 3 4 1 4
m
r
t 1
i 3 4 0 1 0 1 0
j 3 1 2 3 4 1 4
t 2
n 2 1 1 C
j 3 2 2 3 4 1 4
f 1
p 5 3 1 5
n 1 1 ? ?
n 1 2 ? ?
n 1 3 ? ?
n 1 4 ? ?
n 1 5 ? ?
n 2 1 2 D
n 2 2 5 B
n 2 3 4 A
n 2 4 1 C
n 2 5 5 C
n 3 1 5 E
n 3 2 3 C
n 3 3 2 A
n 3 4 5 D
n 3 5 4 A
j 3 8 0 0 0 0 0
t 1
i 2 1 0 0 0 1 0
j 3 7 0 0 0 0 0
t 2
i 1 1 0 0 1 0 0
j 3 6 0 0 0 0 0
t 3
I 1 A 0 0 1 0 0
j 3 5 0 0 0 0 0
m
r
t 1
n 1 3 ? ?
j 3 5 1 0 0 0 0
t 2
i 1 1 0 0 1 0 0
j 3 4 1 0 0 0 0
t 3
I 1 C 1 0 1 0 0
j 3 3 1 0 0 0 0
m
r
t 1
n 1 3 ? ?
j 3 3 1 0 1 0 0
t 2
i 1 1 0 0 1 0 0
j 3 2 1 0 1 0 0
t 3
I 1 B 0 0 1 1 0
j 3 1 1 0 1 0 0
m
r
t 1
n 1 3 ? ?
j 3 1 1 1 1 0 0
t 2
i 1 2 0 1 1 1 0
j 3 0 1 1 1 0 0
t 3
n 3 1 1 D
j 3 1 1 1 1 0 0
m
r
t 1
n 1 4 ? ?
j 3 1 1 2 1 0 0
t 2
I 1 C 1 0 1 0 0
j 3 0 1 2 1 0 0
t 3
n 3 1 1 E
j 3 1 1 2 1 0 0
m
r
t 1
n 1 3 ? ?
j 3 1 1 2 2 0 0
t 2
i 3 1 1 0 0 0 0
j 3 0 1 2 2 0 0
t 3
n 3 1 4 D
j 3 1 1 2 2 0 0
m
r
t 1
i 3 3 0 1 0 0 0
j 3 0 1 2 2 0 0
t 2
n 2 1 4 B
j 3 1 1 2 2 0 0
t 3
n 3 1 1 A
j 3 2 1 2 2 0 0
m
r
t 1
I 3 C 0 1 0 0 0
j 3 1 1 2 2 0 0
t 2
i 3 2 0 0 1 0 0
j 3 0 1 2 2 0 0
t 3
n 3 2 4 D
j 3 0 1 2 3 0 0
m
r
t 1
n 1 1 ? ?
j 3 1 1 2 3 0 0
t 2
I 3 A 1 0 1 0 1
j 3 0 1 2 3 0 0
t 3
n 3 3 5 A
j 3 0 2 2 3 0 0
m
r
t 1
n 1 1 ? ?
j 3 1 2 2 3 0 0
t 2
i 1 3 0 0 1 0 1
j 3 0 2 2 3 0 0
t 3
n 3 1 2 A
j 3 1 2 2 3 0 0
m
r
t 1
n 1 1 ? ?
j 3 2 2 2 3 0 0
t 2
i 1 1 1 0 0 0 0
j 3 1 2 2 3 0 0
t 3
I 1 D 1 1 0 0 1
j 3 0 2 2 3 0 0
m
r
t 1
n 1 1 ? ?
j 3 0 2 2 3 1 0
t 2
n 2 1 1 B
j 3 1 2 2 3 1 0
t 3
I 1 A 0 0 1 0 0
j 3 0 2 2 3 1 0
m
r
t 1
n 1 2 ? ?
j 3 0 2 2 3 2 0
t 2
n 2 1 3 A
j 3 1 2 2 3 2 0
t 3
i 1 1 0 1 0 0 0
j 3 0 2 2 3 2 0
m
r
t 1
n 1 3 ? ?
j 3 0 3 2 3 2 0
t 2
n 2 1 3 B
j 3 1 3 2 3 2 0
t 3
I 1 E 1 1 0 1 0
j 3 0 3 2 3 2 0
m
r
t 1
n 1 2 ? ?
j 3 0 3 2 3 2 1
t 2
n 2 1 1 E
j 3 1 3 2 3 2 1
t 3
i 1 2 0 0 0 1 0
j 3 0 3 2 3 2 1
m
r
t 1
n 1 4 ? ?
j 3 0 3 2 3 2 2
t 2
n 2 1 3 D
j 3 1 3 2 3 2 2
t 3
i 1 3 1 1 0 0 1
j 3 0 3 2 3 2 2
m
r
t 1
n 1 1 ? ?
j 3 0 3 2 3 2 3
t 2
n 2 1 4 E
j 3 1 3 2 3 2 3
t 3
i 2 4 1 0 1 0 0
j 3 0 3 2 3 2 3
m
r
t 1
n 1 5 ? ?
j 3 0 3 2 3 3 3
t 2
n 2 1 4 E
j 3 1 3 2 3 3 3
t 3
i 1 3 1 1 0 0 1
j 3 0 3 2 3 3 3
m
r
t 1
n 1 1 ? ?
j 3 1 3 2 3 3 3
t 2
I 1 B 1 0 1 0 1
j 3 0 3 2 3 3 3
t 3
n 3 1 1 C
j 3 1 3 2 3 3 3
m
r
t 1
n 1 5 ? ?
j 3 1 3 3 3 3 3
t 2
i 1 4 0 0 0 0 1
j 3 0 3 3 3 3 3
t 3
n 3 1 2 E
j 3 1 3 3 3 3 3
m
r
t 1
i 2 4 1 0 1 0 0
j 3 0 3 3 3 3 3
t 2
n 2 1 1 A
j 3 1 3 3 3 3 3
f 1
p 5 3 1 5
n 1 1 ? ?
n 1 2 ? ?
n 1 3 ? ?
n 1 4 ? ?
n 1 5 ? ?
n 2 1 5 E
n 2 2 2 B
n 2 3 3 C
n 2 4 2 E
n 2 5 3 C
n 3 1 1 E
n 3 2 3 A
n 3 3 4 C
n 3 4 4 D
n 3 5 1 C
j 3 8 0 0 0 0 0
t 1
i 3 1 1 0 0 0 1
j 3 7 0 0 0 0 0
t 2
i 1 1 1 1 1 0 0
j 3 6 0 0 0 0 0
t 3
I 1 B 1 0 0 0 0
j 3 5 0 0 0 0 0
m
r
t 1
n 1 1 ? ?
j 3 5 0 1 0 0 0
t 2
I 1 D 0 1 0 0 1
j 3 4 0 1 0 0 0
t 3
I 1 A 0 0 1 0 0
j 3 3 0 1 0 0 0
m
r
t 1
n 1 2 ? ?
j 3 3 0 1 0 1 0
t 2
i 1 2 1 0 0 0 1
j 3 2 0 1 0 1 0
t 3
i 2 2 0 1 0 1 0
j 3 1 0 1 0 1 0
m
r
t 1
n 1 3 ? ?
j 3 1 1 1 0 1 0
t 2
I 3 E 1 0 0 0 0
j 3 0 1 1 0 1 0
t 3
n 3 1 3 E
j 3 0 1 1 0 1 1
m
r
t 1
n 1 5 ? ?
j 3 0 1 1 0 2 1
t 2
n 2 1 1 E
j 3 1 1 1 0 2 1
t 3
i 1 3 0 1 0 0 0
j 3 0 1 1 0 2 1
m
r
t 1
n 1 1 ? ?
j 3 1 1 1 0 2 1
t 2
i 1 2 1 0 0 0 0
j 3 0 1 1 0 2 1
t 3
n 3 1 5 C
j 3 1 1 1 0 2 1
m
r
t 1
I 2 B 0 1 0 0 0
j 3 0 1 1 0 2 1
t 2
n 2 2 5 D
j 3 0 1 2 0 2 1
t 3
n 3 1 5 B
j 3 1 1 2 0 2 1
m
r
t 1
I 2 E 1 0 0 1 0
j 3 0 1 2 0 2 1
t 2
n 2 4 2 A
j 3 0 1 2 0 2 2
t 3
n 3 1 2 D
j 3 1 1 2 0 2 2
m
r
t 1
i 2 2 0 0 0 1 0
j 3 0 1 2 0 2 2
t 2
n 2 1 1 A
j 3 1 1 2 0 2 2
t 3
I 1 A 1 0 0 0 0
j 3 0 1 2 0 2 2
m
r
t 1
n 1 1 ? ?
j 3 0 2 2 0 2 2
t 2
n 2 1 1 A
j 3 1 2 2 0 2 2
t 3
I 1 D 0 1 0 0 0
j 3 0 2 2 0 2 2
m
r
t 1
n 1 2 ? ?
j 3 0 2 2 0 3 2
t 2
n 2 1 3 E
j 3 1 2 2 0 3 2
t 3
i 1 1 1 1 0 0 1
j 3 0 2 2 0 3 2
m
r
t 1
n 1 1 ? ?
j 3 1 2 2 0 3 2
t 2
i 1 3 1 0 0 0 0
j 3 0 2 2 0 3 2
t 3
n 3 1 1 B
j 3 1 2 2 0 3 2
m
r
t 1
i 2 3 1 0 1 0 1
j 3 0 2 2 0 3 2
t 2
n 2 1 3 B
j 3 1 2 2 0 3 2
t 3
I 1 B 1 0 1 0 0
j 3 0 2 2 0 3 2
m
r
t 1
n 1 1 ? ?
j 3 0 2 3 0 3 2
t 2
n 2 1 3 A
j 3 1 2 3 0 3 2
t 3
I 1 C 0 1 0 1 0
j 3 0 2 3 0 3 2
m
r
t 1
n 1 2 ? ?
j 3 0 2 3 1 3 2
t 2
n 2 1 3 D
j 3 1 2 3 1 3 2
t 3
i 1 4 0 0 1 1 0
j 3 0 2 3 1 3 2
m
r
t 1
n 1 3 ? ?
j 3 0 2 4 1 3 2
t 2
n 2 1 1 C
j 3 1 2 4 1 3 2
t 3
i 1 4 0 0 1 1 0
j 3 0 2 4 1 3 2
m
r
t 1
n 1 1 ? ?
j 3 1 2 4 1 3 2
t 2
i 1 2 1 1 0 0 0
j 3 0 2 4 1 3 2
t 3
n 3 1 1 D
j 3 1 2 4 1 3 2
m
r
t 1
i 3 3 0 1 0 0 0
j 3 0 2 4 1 3 2
t 2
n 2 1 2 E
j 3 1 2 4 1 3 2
t 3
I 1 C 1 0 0 1 0
j 3 0 2 4 1 3 2
m
r
t 1
n 1 1 ? ?
j 3 0 2 4 2 3 2
t 2
n 2 1 4 E
j 3 1 2 4 2 3 2
t 3
I 1 D 0 0 1 0 0
j 3 0 2 4 2 3 2
m
r
t 1
n 1 3 ? ?
j 3 0 2 4 2 4 2
t 2
n 2 1 4 A
j 3 1 2 4 2 4 2
t 3
i 2 5 0 1 0 0 0
j 3 0 2 4 2 4 2
m
r
t 1
n 1 1 ? ?
j 3 1 2 4 2 4 2
t 2
I 3 A 0 1 0 0 0
j 3 0 2 4 2 4 2
t 3
n 3 2 4 E
j 3 0 3 4 2 4 2
m
r
f 1
p 5 3 1 5
n 1 1 ? ?
n 1 2 ? ?
n 1 3 ? ?
n 1 4 ? ?
n 1 5 ? ?
n 2 1 1 B
n 2 2 1 E
n 2 3 4 D
n 2 4 2 C
n 2 5 1 E
n 3 1 1 C
n 3 2 5 D
n 3 3 5 C
n 3 4 2 E
n 3 5 3 C
j 3 8 0 0 0 0 0
t 1
i 2 1 1 1 0 0 1
j 3 7 0 0 0 0 0
t 2
i 1 1 0 1 0 0 1
j 3 6 0 0 0 0 0
t 3
I 1 D 0 1 0 0 1
j 3 5 0 0 0 0 0
m
r
t 1
n 1 2 ? ?
j 3 5 0 0 0 1 0
t 2
i 3 1 1 0 0 0 0
j 3 4 0 0 0 1 0
t 3
I 2 B 1 0 0 0 0
j 3 3 0 0 0 1 0
m
r
t 1
I 2 E 0 1 0 0 1
j 3 2 0 0 0 1 0
t 2
n 2 1 2 B
j 3 2 0 1 0 1 0
t 3
i 2 2 1 0 0 1 0
j 3 1 0 1 0 1 0
m
r
t 1
I 2 B 1 0 0 0 0
j 3 0 0 1 0 1 0
t 2
n 2 1 4 A
j 3 0 0 2 0 1 0
t 3
n 3 1 1 A
j 3 1 0 2 0 1 0
m
r
t 1
i 3 1 1 0 0 0 0
j 3 0 0 2 0 1 0
t 2
n 2 2 4 D
j 3 0 0 2 0 1 1
t 3
n 3 1 2 E
j 3 1 0 2 0 1 1
m
r
t 1
i 3 2 1 0 0 1 0
j 3 0 0 2 0 1 1
t 2
n 2 1 3 E
j 3 1 0 2 0 1 1
t 3
n 3 1 1 E
j 3 2 0 2 0 1 1
m
r
t 1
I 3 E 1 0 0 1 0
j 3 1 0 2 0 1 1
t 2
n 2 1 5 B
j 3 2 0 2 0 1 1
t 3
n 3 4 4 E
j 3 2 0 2 0 1 2
m
r
t 1
n 1 1 ? ?
j 3 3 0 2 0 1 2
t 2
n 2 1 1 D
j 3 4 0 2 0 1 2
t 3
n 3 1 3 B
j 3 5 0 2 0 1 2
m
r
t 1
i 3 3 1 0 0 0 1
j 3 4 0 2 0 1 2
t 2
I 3 B 1 0 0 0 0
j 3 3 0 2 0 1 2
t 3
n 3 1 3 E
j 3 3 0 3 0 1 2
m
r
t 1
i 3 3 1 0 0 0 1
j 3 2 0 3 0 1 2
t 2
i 1 4 0 1 1 1 0
j 3 1 0 3 0 1 2
t 3
I 1 B 0 0 0 1 0
j 3 0 0 3 0 1 2
m
r
t 1
n 1 4 ? ?
j 3 0 0 4 0 1 2
t 2
n 2 1 1 A
j 3 1 0 4 0 1 2
t 3
i 2 1 1 0 0 0 1
j 3 0 0 4 0 1 2
m
r
t 1
n 1 1 ? ?
j 3 1 0 4 0 1 2
t 2
I 3 E 1 0 0 1 0
j 3 0 0 4 0 1 2
t 3
n 3 1 1 A
j 3 0 0 4 0 1 3
m
r
t 1
n 1 1 ? ?
j 3 1 0 4 0 1 3
t 2
i 1 4 1 1 1 1 0
j 3 0 0 4 0 1 3
t 3
n 3 1 2 D
j 3 1 0 4 0 1 3
m
r
t 1
I 2 A 1 0 0 0 0
j 3 0 0 4 0 1 3
t 2
n 2 1 3 A
j 3 0 1 4 0 1 3
t 3
n 3 1 1 C
j 3 1 1 4 0 1 3
m
r
t 1
i 3 1 1 0 0 0 0
j 3 0 1 4 0 1 3
t 2
n 2 1 1 B
j 3 1 1 4 0 1 3
t 3
I 1 E 0 0 0 1 0
j 3 0 1 4 0 1 3
m
r
t 1
n 1 4 ? ?
j 3 0 1 4 0 1 4
t 2
n 2 1 4 B
j 3 1 1 4 0 1 4
t 3
i 1 2 0 0 0 1 0
j 3 0 1 4 0 1 4
m
r
t 1
n 1 1 ? ?
j 3 1 1 4 0 1 4
t 2
I 1 A 0 0 1 1 0
j 3 0 1 4 0 1 4
t 3
n 3 1 2 D
j 3 1 1 4 0 1 4
m
r
t 1
n 1 4 ? ?
j 3 1 2 4 0 1 4
t 2
i 3 2 1 0 0 0 0
j 3 0 2 4 0 1 4
t 3
n 3 1 3 A
j 3 1 2 4 0 1 4
m
r
t 1
i 3 3 1 0 0 0 1
j 3 0 2 4 0 1 4
t 2
n 2 1 5 A
j 3 1 2 4 0 1 4
t 3
n 3 1 3 B
j 3 2 2 4 0 1 4
m
r
t 1
n 1 1 ? ?
j 3 3 2 4 0 1 4
t 2
i 1 1 1 0 0 0 1
j 3 2 2 4 0 1 4
t 3
I 1 C 1 1 0 0 0
j 3 1 2 4 0 1 4
m
r
t 1
n 1 1 ? ?
j 3 1 2 4 1 1 4
t 2
n 2 1 1 B
j 3 2 2 4 1 1 4
t 3
I 2 C 0 0 0 1 0
j 3 1 2 4 1 1 4
m
r
t 1
n 1 1 ? ?
j 3 2 2 4 1 1 4
f 1
p 5 3 1 5
n 1 1 ? ?
n 1 2 ? ?
n 1 3 ? ?
n 1 4 ? ?
n 1 5 ? ?
n 2 1 4 C
n 2 2 1 C
n 2 3 1 A
n 2 4 4 C
n 2 5 4 D
n 3 1 5 E
n 3 2 4 D
n 3 3 1 B
n 3 4 1 B
n 3 5 1 D
j 3 8 0 0 0 0 0
t 1
i 2 1 0 1 1 0 0
j 3 7 0 0 0 0 0
t 2
i 1 1 0 0 0 0 1
j 3 6 0 0 0 0 0
t 3
I 1 E 0 0 0 1 1
j 3 5 0 0 0 0 0
m
r
t 1
n 1 5 ? ?
j 3 5 0 0 0 0 1
t 2
i 3 1 0 0 1 1 1
j 3 4 0 0 0 0 1
t 3
I 2 C 1 1 0 1 0
j 3 3 0 0 0 0 1
m
r
t 1
I 2 A 0 0 1 0 0
j 3 2 0 0 0 0 1
t 2
n 2 2 1 D
j 3 2 0 0 1 0 1
t 3
i 2 1 0 1 1 0 0
j 3 1 0 0 1 0 1
m
r
t 1
I 2 D 0 1 0 0 1
j 3 0 0 0 1 0 1
t 2
n 2 2 3 A
j 3 0 0 0 1 1 1
t 3
n 3 1 2 E
j 3 1 0 0 1 1 1
m
r
t 1
i 3 2 1 0 0 0 0
j 3 0 0 0 1 1 1
t 2
n 2 3 2 C
j 3 0 1 0 1 1 1
t 3
n 3 1 1 A
j 3 1 1 0 1 1 1
m
r
t 1
i 2 2 0 0 1 0 0
j 3 0 1 0 1 1 1
t 2
n 2 1 2 D
j 3 1 1 0 1 1 1
t 3
i 1 2 1 0 0 0 0
j 3 0 1 0 1 1 1
m
r
t 1
n 1 1 ? ?
j 3 1 1 0 1 1 1
t 2
I 3 B 0 0 1 1 0
j 3 0 1 0 1 1 1
t 3
n 3 3 5 C
j 3 0 1 1 1 1 1
m
r
t 1
n 1 1 ? ?
j 3 1 1 1 1 1 1
t 2
i 1 2 1 0 0 0 0
j 3 0 1 1 1 1 1
t 3
n 3 1 4 E
j 3 1 1 1 1 1 1
m
r
t 1
i 2 2 1 0 1 0 0
j 3 0 1 1 1 1 1
t 2
n 2 1 1 C
j 3 1 1 1 1 1 1
t 3
I 1 B 1 0 0 0 0
j 3 0 1 1 1 1 1
m
r
t 1
n 1 1 ? ?
j 3 0 1 2 1 1 1
t 2
n 2 1 3 A
j 3 1 1 2 1 1 1
t 3
I 2 C 0 0 1 1 0
j 3 0 1 2 1 1 1
m
r
t 1
n 1 1 ? ?
j 3 1 1 2 1 1 1
t 2
n 2 3 2 B
j 3 1 1 2 2 1 1
t 3
i 1 3 0 1 1 1 0
j 3 0 1 2 2 1 1
m
r
t 1
n 1 1 ? ?
j 3 1 1 2 2 1 1
t 2
I 1 C 0 0 1 0 0
j 3 0 1 2 2 1 1
t 3
n 3 1 4 A
j 3 1 1 2 2 1 1
m
r
t 1
n 1 3 ? ?
j 3 1 1 2 3 1 1
t 2
n 2 1 3 C
j 3 2 1 2 3 1 1
t 3
i 2 4 0 0 0 1 1
j 3 1 1 2 3 1 1
m
r
t 1
n 1 1 ? ?
j 3 2 1 2 3 1 1
t 2
n 2 4 4 A
j 3 2 1 2 4 1 1
t 3
n 3 1 1 E
j 3 3 1 2 4 1 1
m
r
t 1
i 3 5 0 0 1 0 0
j 3 2 1 2 4 1 1
t 2
I 3 C 0 0 1 0 0
j 3 1 1 2 4 1 1
t 3
n 3 3 4 B
j 3 2 1 2 5 1 1
m
r
t 1
n 1 1 ? ?
j 3 3 1 2 5 1 1
t 2
n 2 1 2 E
j 3 4 1 2 5 1 1
t 3
i 2 2 1 0 1 0 0
j 3 3 1 2 5 1 1
m
r
t 1
I 2 E 1 0 0 0 0
j 3 2 1 2 5 1 1
t 2
n 2 1 3 B
j 3 2 1 2 5 1 2
t 3
i 2 3 1 1 0 0 0
j 3 1 1 2 5 1 2
m
r
t 1
n 1 4 ? ?
j 3 1 1 2 5 1 3
t 2
i 1 4 0 0 0 1 0
j 3 0 1 2 5 1 3
t 3
n 3 1 1 D
j 3 1 1 2 5 1 3
m
r
t 1
I 2 B 1 0 1 0 0
j 3 0 1 2 5 1 3
t 2
n 2 1 1 C
j 3 0 1 3 5 1 3
t 3
n 3 1 2 A
j 3 1 1 3 5 1 3
m
r
t 1
i 3 2 1 0 0 0 0
j 3 0 1 3 5 1 3
t 2
n 2 1 2 D
j 3 1 1 3 5 1 3
t 3
I 1 E 0 0 0 1 0
j 3 0 1 3 5 1 3
m
r
t 1
n 1 4 ? ?
j 3 0 1 3 5 1 4
t 2
n 2 1 1 E
j 3 1 1 3 5 1 4
t 3
n 3 1 3 E
j 3 2 1 3 5 1 4
m
r
f 1
p 5 3 1 5
n 1 1 ? ?
n 1 2 ? ?
n 1 3 ? ?
n 1 4 ? ?
n 1 5 ? ?
n 2 1 5 C
n 2 2 3 C
n 2 3 5 D
n 2 4 5 E
n 2 5 2 E
n 3 1 3 E
n 3 2 4 B
n 3 3 4 A
n 3 4 4 B
n 3 5 1 E
j 3 8 0 0 0 0 0
t 1
i 3 1 0 0 0 0 1
j 3 7 0 0 0 0 0
t 2
i 1 1 0 0 0 0 1
j 3 6 0 0 0 0 0
t 3
I 1 B 0 1 0 1 1
j 3 5 0 0 0 0 0
m
r
t 1
n 1 5 ? ?
j 3 5 0 1 0 0 0
t 2
i 1 2 1 0 1 1 0
j 3 4 0 1 0 0 0
t 3
n 3 1 1 C
j 3 5 0 1 0 0 0
m
r
t 1
n 1 4 ? ?
j 3 5 0 2 0 0 0
t 2
i 1 3 0 1 0 0 1
j 3 4 0 2 0 0 0
t 3
i 1 1 0 0 0 1 0
j 3 3 0 2 0 0 0
m
r
t 1
n 1 2 ? ?
j 3 3 0 3 0 0 0
t 2
I 1 C 0 0 0 1 0
j 3 2 0 3 0 0 0
t 3
n 3 1 1 E
j 3 3 0 3 0 0 0
m
r
t 1
n 1 4 ? ?
j 3 3 0 3 1 0 0
t 2
i 3 1 1 0 0 0 1
j 3 2 0 3 1 0 0
t 3
n 3 1 2 B
j 3 3 0 3 1 0 0
m
r
t 1
i 3 4 0 1 1 1 0
j 3 2 0 3 1 0 0
t 2
I 3 B 1 1 0 1 0
j 3 1 0 3 1 0 0
t 3
n 3 2 4 E
j 3 1 0 4 1 0 0
m
r
t 1
I 3 E 0 1 0 0 1
j 3 0 0 4 1 0 0
t 2
n 2 1 2 E
j 3 1 0 4 1 0 0
t 3
n 3 5 1 A
j 3 1 0 4 1 0 1
m
r
t 1
i 2 2 1 0 0 0 1
j 3 0 0 4 1 0 1
t 2
n 2 1 1 D
j 3 1 0 4 1 0 1
t 3
i 1 5 0 1 0 0 0
j 3 0 0 4 1 0 1
m
r
t 1
n 1 1 ? ?
j 3 1 0 4 1 0 1
t 2
I 1 B 0 1 0 0 0
j 3 0 0 4 1 0 1
t 3
n 3 1 1 A
j 3 1 0 4 1 0 1
m
r
t 1
n 1 2 ? ?
j 3 2 0 5 1 0 1
t 2
i 3 1 1 0 0 0 1
j 3 1 0 5 1 0 1
t 3
i 2 1 1 0 0 0 0
j 3 0 0 5 1 0 1
m
r
t 1
n 1 1 ? ?
j 3 1 0 5 1 0 1
t 2
i 1 1 1 1 0 0 0
j 3 0 0 5 1 0 1
t 3
n 3 1 4 A
j 3 1 0 5 1 0 1
m
r
t 1
I 2 D 1 0 1 0 0
j 3 0 0 5 1 0 1
t 2
n 2 1 1 C
j 3 0 0 5 1 1 1
t 3
n 3 1 1 D
j 3 1 0 5 1 1 1
m
r
t 1
I 2 E 0 0 0 1 1
j 3 0 0 5 1 1 1
t 2
n 2 5 4 D
j 3 0 0 5 1 1 2
t 3
n 3 1 4 C
j 3 1 0 5 1 1 2
m
r
t 1
I 3 A 0 0 1 0 1
j 3 0 0 5 1 1 2
t 2
n 2 1 3 D
j 3 1 0 5 1 1 2
t 3
n 3 5 1 D
j 3 1 1 5 1 1 2
m
r
t 1
n 1 1 ? ?
j 3 2 1 5 1 1 2
t 2
I 1 D 0 0 1 0 1
j 3 1 1 5 1 1 2
t 3
n 3 1 3 A
j 3 2 1 5 1 1 2
m
r
t 1
n 1 3 ? ?
j 3 2 1 5 1 2 2
t 2
n 2 1 4 E
j 3 3 1 5 1 2 2
t 3
n 3 1 2 A
j 3 4 1 5 1 2 2
m
r
t 1
n 1 5 ? ?
j 3 4 1 5 1 3 2
t 2
i 3 2 1 0 0 0 0
j 3 3 1 5 1 3 2
t 3
i 2 4 1 0 0 0 1
j 3 2 1 5 1 3 2
m
r
t 1
I 2 D 0 0 1 0 1
j 3 1 1 5 1 3 2
t 2
n 2 5 3 E
j 3 1 1 5 1 4 2
t 3
i 2 5 0 0 1 1 0
j 3 0 1 5 1 4 2
m
r
t 1
n 1 1 ? ?
j 3 1 1 5 1 4 2
t 2
n 2 3 3 C
j 3 2 1 5 1 5 2
t 3
i 2 3 0 1 1 0 1
j 3 1 1 5 1 5 2
m
r
t 1
I 2 E 1 0 0 1 1
j 3 0 1 5 1 5 2
t 2
n 2 5 2 C
j 3 0 1 5 1 5 3
t 3
n 3 1 2 C
j 3 1 1 5 1 5 3
m
r
t 1
i 2 2 0 0 0 0 1
j 3 0 1 5 1 5 3
t 2
n 2 1 3 B
j 3 0 1 5 1 5 4
t 3
n 3 1 2 A
j 3 1 1 5 1 5 4
m
r
f 1
p 5 3 1 5
n 1 1 ? ?
n 1 2 ? ?
n 1 3 ? ?
n 1 4 ? ?
n 1 5 ? ?
n 2 1 1 B
n 2 2 4 D
n 2 3 2 E
n 2 4 3 C
n 2 5 2 B
n 3 1 3 B
n 3 2 5 C
n 3 3 3 E
n 3 4 1 B
n 3 5 5 B
j 3 8 0 0 0 0 0
t 1
i 2 1 1 0 0 0 0
j 3 7 0 0 0 0 0
t 2
i 3 1 0 0 0 1 0
j 3 6 0 0 0 0 0
t 3
I 2 B 1 0 0 0 1
j 3 5 0 0 0 0 0
m
r
t 1
I 3 B 1 0 0 1 1
j 3 4 0 0 0 0 0
t 2
n 2 1 2 A
j 3 4 0 1 0 0 0
t 3
i 2 2 1 0 1 0 1
j 3 3 0 1 0 0 0
m
r
t 1
n 1 1 ? ?
j 3 4 0 1 0 0 0
t 2
n 2 5 2 B
j 3 4 0 2 0 0 0
t 3
n 3 1 3 D
j 3 5 0 2 0 0 0
m
r
t 1
n 1 1 ? ?
j 3 6 0 2 0 0 0
t 2
n 2 1 4 B
j 3 7 0 2 0 0 0
t 3
n 3 1 1 D
j 3 8 0 2 0 0 0
m
r
t 1
i 3 1 1 0 0 1 0
j 3 7 0 2 0 0 0
t 2
I 3 D 1 0 0 0 0
j 3 6 0 2 0 0 0
t 3
n 3 1 3 C
j 3 6 0 2 0 1 0
m
r
t 1
n 1 1 ? ?
j 3 7 0 2 0 1 0
t 2
i 1 1 1 0 0 0 0
j 3 6 0 2 0 1 0
t 3
I 1 C 1 1 0 0 0
j 3 5 0 2 0 1 0
m
r
t 1
n 1 1 ? ?
j 3 5 0 2 1 1 0
t 2
n 2 1 1 A
j 3 6 0 2 1 1 0
t 3
i 2 1 1 0 0 0 0
j 3 5 0 2 1 1 0
m
r
t 1
I 2 A 1 0 0 0 0
j 3 4 0 2 1 1 0
t 2
n 2 1 4 A
j 3 4 1 2 1 1 0
t 3
n 3 1 1 E
j 3 5 1 2 1 1 0
m
r
t 1
i 3 1 1 0 0 1 0
j 3 4 1 2 1 1 0
t 2
I 3 E 1 0 1 0 0
j 3 3 1 2 1 1 0
t 3
n 3 1 4 C
j 3 3 1 2 1 1 1
m
r
t 1
I 2 E 0 0 1 0 0
j 3 2 1 2 1 1 1
t 2
n 2 3 3 A
j 3 2 1 2 1 1 2
t 3
n 3 1 5 D
j 3 3 1 2 1 1 2
m
r
t 1
i 3 3 0 0 1 0 0
j 3 2 1 2 1 1 2
t 2
n 2 1 4 D
j 3 3 1 2 1 1 2
t 3
n 3 3 1 E
j 3 3 1 2 1 1 3
m
r
t 1
n 1 1 ? ?
j 3 4 1 2 1 1 3
t 2
i 1 2 1 0 0 0 0
j 3 3 1 2 1 1 3
t 3
I 1 C 1 1 0 0 0
j 3 2 1 2 1 1 3
m
r
t 1
n 1 1 ? ?
j 3 2 1 2 2 1 3
t 2
i 1 4 0 1 1 1 1
j 3 1 1 2 2 1 3
t 3
I 1 E 0 0 0 1 1
j 3 0 1 2 2 1 3
m
r
t 1
n 1 4 ? ?
j 3 0 1 2 2 1 4
t 2
n 2 1 3 A
j 3 1 1 2 2 1 4
t 3
i 1 3 0 0 0 1 0
j 3 0 1 2 2 1 4
m
r
t 1
n 1 1 ? ?
j 3 1 1 2 2 1 4
t 2
I 1 B 0 0 1 1 0
j 3 0 1 2 2 1 4
t 3
n 3 1 2 C
j 3 1 1 2 2 1 4
m
r
t 1
n 1 4 ? ?
j 3 1 1 3 2 1 4
t 2
n 2 1 2 D
j 3 2 1 3 2 1 4
t 3
i 2 2 1 0 0 0 1
j 3 1 1 3 2 1 4
m
r
t 1
n 1 3 ? ?
j 3 1 1 4 2 1 4
t 2
i 3 5 0 1 0 0 1
j 3 0 1 4 2 1 4
t 3
n 3 5 5 E
j 3 1 1 5 2 1 4
m
r
t 1
I 2 D 1 1 0 0 0
j 3 0 1 5 2 1 4
t 2
n 2 1 1 D
j 3 0 1 5 2 2 4
t 3
n 3 1 1 A
j 3 1 1 5 2 2 4
m
r
t 1
i 2 3 0 0 1 1 0
j 3 0 1 5 2 2 4
t 2
n 2 4 3 D
j 3 0 1 5 3 2 4
t 3
n 3 1 1 D
j 3 1 1 5 3 2 4
m
r
t 1
n 1 2 ? ?
j 3 1 1 5 4 2 4
t 2
i 1 2 0 1 0 0 0
j 3 0 1 5 4 2 4
t 3
n 3 1 1 E
j 3 1 1 5 4 2 4
m
r
t 1
i 2 3 0 0 1 1 0
j 3 0 1 5 4 2 4
t 2
n 2 1 1 C
j 3 1 1 5 4 2 4
f 1
p 5 3 1 5
n 1 1 ? ?
n 1 2 ? ?
n 1 3 ? ?
n 1 4 ? ?
n 1 5 ? ?
n 2 1 2 C
n 2 2 5 C
n 2 3 3 A
n 2 4 3 C
n 2 5 3 E
n 3 1 2 D
n 3 2 2 A
n 3 3 4 C
n 3 4 2 B
n 3 5 4 B
j 3 8 0 0 0 0 0
t 1
n 1 1 ? ?
j 3 8 0 0 0 0 0
t 2
n 2 1 3 C
j 3 8 0 0 0 0 0
t 3
n 3 1 5 B
j 3 8 0 0 0 0 0
m
r
t 1
n 1 1 ? ?
j 3 8 0 0 0 0 0
t 2
n 2 1 1 D
j 3 8 0 0 0 0 0
t 3
i 2 1 1 0 0 0 0
j 3 7 0 0 0 0 0
m
r
t 1
I 2 D 1 0 0 0 0
j 3 6 0 0 0 0 0
t 2
n 2 1 1 B
j 3 6 0 0 0 1 0
t 3
i 2 1 1 0 0 0 0
j 3 5 0 0 0 1 0
m
r
t 1
I 2 B 1 0 0 0 0
j 3 4 0 0 0 1 0
t 2
n 2 1 1 A
j 3 4 0 1 0 1 0
t 3
i 2 1 1 0 0 0 0
j 3 3 0 1 0 1 0
m
r
t 1
I 2 A 1 0 1 0 0
j 3 2 0 1 0 1 0
t 2
n 2 1 4 D
j 3 2 1 1 0 1 0
t 3
n 3 1 3 D
j 3 3 1 1 0 1 0
m
r
t 1
i 3 2 0 1 0 1 0
j 3 2 1 1 0 1 0
t 2
I 3 A 0 1 0 0 0
j 3 1 1 1 0 1 0
t 3
n 3 2 1 A
j 3 1 2 1 0 1 0
m
r
t 1
i 2 3 0 0 1 1 1
j 3 0 2 1 0 1 0
t 2
n 2 3 5 E
j 3 0 3 1 0 1 0
t 3
n 3 1 4 A
j 3 1 3 1 0 1 0
m
r
t 1
i 3 4 1 0 1 0 1
j 3 0 3 1 0 1 0
t 2
n 2 1 2 C
j 3 1 3 1 0 1 0
t 3
i 1 4 1 0 0 1 1
j 3 0 3 1 0 1 0
m
r
t 1
n 1 1 ? ?
j 3 1 3 1 0 1 0
t 2
I 3 A 1 1 0 0 0
j 3 0 3 1 0 1 0
t 3
n 3 1 4 E
j 3 0 4 1 0 1 0
m
r
t 1
n 1 1 ? ?
j 3 1 4 1 0 1 0
t 2
i 1 5 1 1 0 0 0
j 3 0 4 1 0 1 0
t 3
n 3 1 3 B
j 3 1 4 1 0 1 0
m
r
t 1
I 3 B 1 0 0 1 1
j 3 0 4 1 0 1 0
t 2
n 2 1 1 E
j 3 1 4 1 0 1 0
t 3
n 3 4 2 B
j 3 1 4 2 0 1 0
m
r
t 1
i 2 1 1 0 0 0 0
j 3 0 4 2 0 1 0
t 2
n 2 1 1 C
j 3 1 4 2 0 1 0
t 3
I 1 A 1 0 0 0 0
j 3 0 4 2 0 1 0
m
r
t 1
n 1 1 ? ?
j 3 1 5 2 0 1 0
t 2
i 1 1 1 0 0 0 0
j 3 0 5 2 0 1 0
t 3
n 3 1 1 D
j 3 1 5 2 0 1 0
m
r
t 1
i 2 1 1 0 0 0 0
j 3 0 5 2 0 1 0
t 2
n 2 1 3 D
j 3 1 5 2 0 1 0
t 3
I 1 C 1 0 0 0 0
j 3 0 5 2 0 1 0
m
r
t 1
n 1 1 ? ?
j 3 0 5 2 1 1 0
t 2
n 2 1 1 C
j 3 1 5 2 1 1 0
t 3
n 3 1 1 E
j 3 2 5 2 1 1 0
m
r
t 1
i 3 1 1 1 0 0 0
j 3 1 5 2 1 1 0
t 2
I 3 E 1 0 0 0 0
j 3 0 5 2 1 1 0
t 3
n 3 1 1 A
j 3 0 5 2 1 1 1
m
r
t 1
n 1 1 ? ?
j 3 1 5 2 1 1 1
t 2
i 1 3 1 0 0 0 0
j 3 0 5 2 1 1 1
t 3
n 3 1 1 E
j 3 1 5 2 1 1 1
m
r
t 1
n 1 1 ? ?
j 3 2 5 2 1 1 1
t 2
I 1 E 1 0 1 0 0
j 3 1 5 2 1 1 1
t 3
n 3 1 3 E
j 3 2 5 2 1 1 1
m
r
t 1
n 1 3 ? ?
j 3 2 5 2 1 1 2
t 2
i 3 3 1 0 0 0 0
j 3 1 5 2 1 1 2
t 3
I 2 E 0 0 1 0 1
j 3 0 5 2 1 1 2
m
r
t 1
n 1 1 ? ?
j 3 1 5 2 1 1 2
t 2
n 2 5 1 B
j 3 1 5 2 1 1 3
t 3
i 1 2 1 0 1 0 0
j 3 0 5 2 1 1 3
m
r
t 1
n 1 1 ? ?
j 3 1 5 2 1 1 3
f 1
p 5 3 1 5
n 1 1 ? ?
n 1 2 ? ?
n 1 3 ? ?
n 1 4 ? ?
n 1 5 ? ?
n 2 1 5 B
n 2 2 1 D
n 2 3 5 D
n 2 4 2 C
n 2 5 1 A
n 3 1 3 A
n 3 2 1 C
n 3 3 4 C
n 3 4 4 B
n 3 5 4 E
j 3 8 0 0 0 0 0
t 1
i 2 1 0 1 0 0 1
j 3 7 0 0 0 0 0
t 2
i 1 1 0 0 0 0 1
j 3 6 0 0 0 0 0
t 3
I 1 E 0 1 0 0 1
j 3 5 0 0 0 0 0
m
r
t 1
n 1 5 ? ?
j 3 5 0 0 0 0 1
t 2
i 3 1 0 1 0 0 0
j 3 4 0 0 0 0 1
t 3
I 2 D 0 1 1 0 0
j 3 3 0 0 0 0 1
m
r
t 1
I 2 A 0 0 0 0 1
j 3 2 0 0 0 0 1
t 2
n 2 2 2 B
j 3 2 0 0 0 1 1
t 3
i 1 2 1 0 0 1 0
j 3 1 0 0 0 1 1
m
r
t 1
I 3 C 0 1 1 0 0
j 3 0 0 0 0 1 1
t 2
n 2 5 1 D
j 3 0 1 0 0 1 1
t 3
n 3 2 1 C
j 3 0 1 0 1 1 1
m
r
t 1
n 1 1 ? ?
j 3 1 1 0 1 1 1
t 2
I 1 D 0 0 1 1 0
j 3 0 1 0 1 1 1
t 3
n 3 1 3 B
j 3 1 1 0 1 1 1
m
r
t 1
n 1 4 ? ?
j 3 1 1 0 1 2 1
t 2
i 1 3 1 1 1 0 0
j 3 0 1 0 1 2 1
t 3
n 3 1 3 A
j 3 1 1 0 1 2 1
m
r
t 1
n 1 3 ? ?
j 3 1 1 0 1 3 1
t 2
i 1 4 0 0 0 1 0
j 3 0 1 0 1 3 1
t 3
n 3 1 4 E
j 3 1 1 0 1 3 1
m
r
t 1
i 2 2 0 1 0 1 0
j 3 0 1 0 1 3 1
t 2
n 2 1 3 B
j 3 1 1 0 1 3 1
t 3
I 1 D 0 0 1 1 0
j 3 0 1 0 1 3 1
m
r
t 1
n 1 4 ? ?
j 3 0 1 0 1 4 1
t 2
n 2 1 1 D
j 3 1 1 0 1 4 1
t 3
i 2 5 0 0 1 0 0
j 3 0 1 0 1 4 1
m
r
t 1
n 1 1 ? ?
j 3 1 1 0 1 4 1
t 2
n 2 3 3 C
j 3 2 1 0 1 5 1
t 3
I 2 C 0 0 1 1 0
j 3 1 1 0 1 5 1
m
r
t 1
n 1 1 ? ?
j 3 2 1 0 1 5 1
t 2
n 2 4 1 C
j 3 2 1 0 2 5 1
t 3
i 1 2 1 0 0 0 0
j 3 1 1 0 2 5 1
m
r
t 1
i 2 3 0 0 1 0 0
j 3 0 1 0 2 5 1
t 2
n 2 3 1 A
j 3 0 1 0 3 5 1
t 3
n 3 1 1 E
j 3 1 1 0 3 5 1
m
r
t 1
i 3 4 0 0 1 1 1
j 3 0 1 0 3 5 1
t 2
n 2 1 5 A
j 3 1 1 0 3 5 1
t 3
n 3 3 2 B
j 3 1 1 0 4 5 1
m
r
t 1
n 1 1 ? ?
j 3 2 1 0 4 5 1
t 2
n 2 1 2 D
j 3 3 1 0 4 5 1
t 3
n 3 1 1 B
j 3 4 1 0 4 5 1
m
r
t 1
i 3 1 1 1 0 0 0
j 3 3 1 0 4 5 1
t 2
I 3 B 1 0 1 1 0
j 3 2 1 0 4 5 1
t 3
n 3 1 4 B
j 3 2 1 1 4 5 1
m
r
t 1
I 2 B 0 1 0 0 0
j 3 1 1 1 4 5 1
t 2
n 2 2 3 C
j 3 1 1 2 4 5 1
t 3
n 3 1 5 C
j 3 2 1 2 4 5 1
m
r
t 1
i 3 5 1 0 0 0 0
j 3 1 1 2 4 5 1
t 2
I 3 C 1 1 0 0 0
j 3 0 1 2 4 5 1
t 3
n 3 1 1 A
j 3 1 1 2 5 5 1
m
r
t 1
n 1 1 ? ?
j 3 2 1 2 5 5 1
t 2
n 2 1 1 B
j 3 3 1 2 5 5 1
t 3
n 3 1 2 C
j 3 4 1 2 5 5 1
m
r
t 1
n 1 1 ? ?
j 3 5 1 2 5 5 1
t 2
n 2 1 2 E
j 3 6 1 2 5 5 1
t 3
i 2 2 1 0 0 0 0
j 3 5 1 2 5 5 1
m
r
t 1
I 2 E 1 0 0 0 0
j 3 4 1 2 5 5 1
t 2
n 2 1 4 C
j 3 4 1 2 5 5 2
t 3
n 3 1 2 E
j 3 5 1 2 5 5 2
m
r
f 1
p 5 3 1 5
n 1 1 ? ?
n 1 2 ? ?
n 1 3 ? ?
n 1 4 ? ?
n 1 5 ? ?
n 2 1 4 C
n 2 2 3 E
n 2 3 4 E
n 2 4 2 E
n 2 5 3 C
n 3 1 2 A
n 3 2 1 E
n 3 3 4 C
n 3 4 2 B
n 3 5 5 B
j 3 8 0 0 0 0 0
t 1
i 3 1 0 1 0 0 0
j 3 7 0 0 0 0 0
t 2
i 1 1 0 0 1 0 1
j 3 6 0 0 0 0 0
t 3
I 1 C 0 0 1 0 0
j 3 5 0 0 0 0 0
m
r
t 1
n 1 3 ? ?
j 3 5 0 0 1 0 0
t 2
i 1 1 0 0 1 0 1
j 3 4 0 0 1 0 0
t 3
I 1 E 1 0 1 0 1
j 3 3 0 0 1 0 0
m
r
t 1
n 1 3 ? ?
j 3 3 0 0 1 0 1
t 2
i 1 1 0 0 1 0 1
j 3 2 0 0 1 0 1
t 3
I 1 D 0 0 1 1 0
j 3 1 0 0 1 0 1
m
r
t 1
n 1 3 ? ?
j 3 1 0 0 1 1 1
t 2
i 1 2 0 0 0 1 0
j 3 0 0 0 1 1 1
t 3
n 3 1 5 A
j 3 1 0 0 1 1 1
m
r
t 1
n 1 4 ? ?
j 3 1 0 0 1 2 1
t 2
i 1 2 0 0 0 1 0
j 3 0 0 0 1 2 1
t 3
n 3 1 4 A
j 3 1 0 0 1 2 1
m
r
t 1
i 2 2 0 0 0 1 0
j 3 0 0 0 1 2 1
t 2
n 2 1 2 A
j 3 1 0 0 1 2 1
t 3
I 1 E 1 0 0 1 1
j 3 0 0 0 1 2 1
m
r
t 1
n 1 4 ? ?
j 3 0 0 0 1 2 2
t 2
n 2 1 2 C
j 3 1 0 0 1 2 2
t 3
i 1 3 1 0 0 1 0
j 3 0 0 0 1 2 2
m
r
t 1
n 1 1 ? ?
j 3 0 0 0 1 2 3
t 2
n 2 1 2 D
j 3 1 0 0 1 2 3
t 3
i 2 4 0 0 1 0 0
j 3 0 0 0 1 2 3
m
r
t 1
n 1 1 ? ?
j 3 1 0 0 1 2 3
t 2
i 1 1 1 0 0 0 1
j 3 0 0 0 1 2 3
t 3
n 3 1 1 A
j 3 1 0 0 1 2 3
m
r
t 1
I 2 E 0 1 1 1 0
j 3 0 0 0 1 2 3
t 2
n 2 3 3 D
j 3 0 0 0 1 2 4
t 3
n 3 1 1 B
j 3 1 0 0 1 2 4
m
r
t 1
i 2 3 0 1 1 0 1
j 3 0 0 0 1 2 4
t 2
n 2 1 4 B
j 3 1 0 0 1 2 4
t 3
I 1 A 1 1 0 1 0
j 3 0 0 0 1 2 4
m
r
t 1
n 1 1 ? ?
j 3 0 1 0 1 2 4
t 2
n 2 1 5 D
j 3 1 1 0 1 2 4
t 3
I 2 D 1 0 1 0 0
j 3 0 1 0 1 2 4
m
r
t 1
n 1 1 ? ?
j 3 1 1 0 1 2 4
t 2
n 2 3 2 C
j 3 1 1 0 1 3 4
t 3
i 2 2 0 0 1 1 0
j 3 0 1 0 1 3 4
m
r
t 1
n 1 1 ? ?
j 3 1 1 0 1 3 4
t 2
i 1 4 1 1 0 0 0
j 3 0 1 0 1 3 4
t 3
n 3 1 1 B
j 3 1 1 0 1 3 4
m
r
t 1
I 2 C 0 0 1 0 1
j 3 0 1 0 1 3 4
t 2
n 2 3 1 D
j 3 0 1 0 2 3 4
t 3
n 3 1 4 B
j 3 1 1 0 2 3 4
m
r
t 1
n 1 1 ? ?
j 3 2 1 0 2 3 4
t 2
n 2 5 3 B
j 3 2 1 0 3 3 4
t 3
n 3 1 1 C
j 3 3 1 0 3 3 4
m
r
t 1
i 3 4 0 0 1 0 0
j 3 2 1 0 3 3 4
t 2
I 3 C 1 0 1 0 0
j 3 1 1 0 3 3 4
t 3
n 3 3 1 D
j 3 1 1 0 4 3 4
m
r
t 1
n 1 1 ? ?
j 3 2 1 0 4 3 4
t 2
i 1 1 1 0 0 0 1
j 3 1 1 0 4 3 4
t 3
I 1 B 1 0 0 0 0
j 3 0 1 0 4 3 4
m
r
t 1
n 1 1 ? ?
j 3 0 1 1 4 3 4
t 2
n 2 1 1 C
j 3 1 1 1 4 3 4
t 3
I 1 C 1 0 1 0 0
j 3 0 1 1 4 3 4
m
r
t 1
n 1 3 ? ?
j 3 1 1 1 5 3 4
t 2
i 3 2 0 0 0 1 0
j 3 0 1 1 5 3 4
t 3
n 3 1 4 D
j 3 1 1 1 5 3 4
m
r
t 1
i 3 4 1 0 0 0 0
j 3 0 1 1 5 3 4
t 2
n 2 1 4 E
j 3 1 1 1 5 3 4
t 3
n 3 1 3 D
j 3 2 1 1 5 3 4
m
r
f 1
p 5 3 1 5
n 1 1 ? ?
n 1 2 ? ?
n 1 3 ? ?
n 1 4 ? ?
n 1 5 ? ?
n 2 1 2 B
n 2 2 1 C
n 2 3 4 B
n 2 4 1 B
n 2 5 3 C
n 3 1 3 C
n 3 2 1 E
n 3 3 1 D
n 3 4 5 B
n 3 5 3 E
j 3 8 0 0 0 0 0
t 1
i 2 1 0 1 0 1 0
j 3 7 0 0 0 0 0
t 2
i 1 1 1 1 0 0 0
j 3 6 0 0 0 0 0
t 3
I 1 C 1 0 0 0 0
j 3 5 0 0 0 0 0
m
r
t 1
n 1 1 ? ?
j 3 5 0 0 1 0 0
t 2
I 1 D 1 1 0 0 0
j 3 4 0 0 1 0 0
t 3
I 2 B 1 0 1 1 0
j 3 3 0 0 1 0 0
m
r
t 1
n 1 2 ? ?
j 3 3 0 0 1 1 0
t 2
n 2 4 4 C
j 3 3 0 1 1 1 0
t 3
i 2 2 1 0 0 0 0
j 3 2 0 1 1 1 0
m
r
t 1
i 3 1 0 1 1 0 0
j 3 1 0 1 1 1 0
t 2
n 2 1 1 C
j 3 1 0 2 1 1 0
t 3
n 3 1 3 E
j 3 2 0 2 1 1 0
m
r
t 1
I 3 E 1 1 0 0 1
j 3 1 0 2 1 1 0
t 2
n 2 1 5 E
j 3 2 0 2 1 1 0
t 3
n 3 2 1 E
j 3 2 0 2 1 1 1
m
r
t 1
n 1 1 ? ?
j 3 3 0 2 1 1 1
t 2
i 1 2 1 0 0 0 0
j 3 2 0 2 1 1 1
t 3
I 1 C 1 0 0 0 0
j 3 1 0 2 1 1 1
m
r
t 1
n 1 1 ? ?
j 3 1 0 2 2 1 1
t 2
n 2 1 4 E
j 3 2 0 2 2 1 1
t 3
i 2 3 0 0 0 0 1
j 3 1 0 2 2 1 1
m
r
t 1
I 2 C 0 1 0 1 1
j 3 0 0 2 2 1 1
t 2
n 2 5 1 A
j 3 0 0 2 3 1 1
t 3
n 3 1 1 A
j 3 1 0 2 3 1 1
m
r
t 1
i 2 4 1 0 1 1 0
j 3 0 0 2 3 1 1
t 2
n 2 4 4 A
j 3 0 0 2 4 1 1
t 3
n 3 1 2 B
j 3 1 0 2 4 1 1
m
r
t 1
i 2 1 0 1 0 0 1
j 3 0 0 2 4 1 1
t 2
n 2 1 3 B
j 3 1 0 2 4 1 1
t 3
i 2 3 1 0 0 0 0
j 3 0 0 2 4 1 1
m
r
t 1
n 1 1 ? ?
j 3 1 0 2 4 1 1
t 2
n 2 1 4 E
j 3 2 0 2 4 1 1
t 3
I 2 A 0 0 0 1 1
j 3 1 0 2 4 1 1
m
r
t 1
n 1 1 ? ?
j 3 2 0 2 4 1 1
t 2
n 2 5 1 E
j 3 2 1 2 4 1 1
t 3
i 1 2 1 0 0 0 0
j 3 1 1 2 4 1 1
m
r
t 1
n 1 1 ? ?
j 3 2 1 2 4 1 1
t 2
n 2 1 1 A
j 3 3 1 2 4 1 1
t 3
n 3 1 5 C
j 3 4 1 2 4 1 1
m
r
t 1
i 3 5 1 0 0 1 0
j 3 3 1 2 4 1 1
t 2
I 3 C 1 0 0 0 0
j 3 2 1 2 4 1 1
t 3
n 3 1 1 D
j 3 3 1 2 5 1 1
m
r
t 1
n 1 1 ? ?
j 3 4 1 2 5 1 1
t 2
i 1 3 1 0 1 0 0
j 3 3 1 2 5 1 1
t 3
I 1 B 1 0 0 0 1
j 3 2 1 2 5 1 1
m
r
t 1
n 1 1 ? ?
j 3 2 1 3 5 1 1
t 2
n 2 3 2 A
j 3 2 1 4 5 1 1
t 3
i 1 2 1 0 0 0 0
j 3 1 1 4 5 1 1
m
r
t 1
i 2 2 0 0 1 0 0
j 3 0 1 4 5 1 1
t 2
n 2 1 4 A
j 3 1 1 4 5 1 1
t 3
I 1 E 1 0 0 0 0
j 3 0 1 4 5 1 1
m
r
t 1
n 1 1 ? ?
j 3 0 1 4 5 1 2
t 2
n 2 1 2 A
j 3 1 1 4 5 1 2
t 3
i 2 2 1 0 1 0 0
j 3 0 1 4 5 1 2
m
r
t 1
n 1 1 ? ?
j 3 1 1 4 5 1 2
t 2
I 3 B 0 0 0 1 0
j 3 0 1 4 5 1 2
t 3
n 3 4 1 B
j 3 1 1 5 5 1 2
m
r
t 1
I 2 A 1 0 1 1 0
j 3 0 1 5 5 1 2
t 2
n 2 1 2 C
j 3 0 2 5 5 1 2
t 3
n 3 1 2 D
j 3 1 2 5 5 1 2
m
r
t 1
n 1 3 ? ?
j 3 1 3 5 5 1 2
t 2
i 3 2 1 0 0 0 0
j 3 0 3 5 5 1 2
t 3
n 3 1 2 D
j 3 1 3 5 5 1 2
m
r
f 1
p 5 3 1 5
n 1 1 ? ?
n 1 2 ? ?
n 1 3 ? ?
n 1 4 ? ?
n 1 5 ? ?
n 2 1 5 A
n 2 2 1 E
n 2 3 1 B
n 2 4 3 A
n 2 5 5 D
n 3 1 4 E
n 3 2 4 B
n 3 3 5 B
n 3 4 1 A
n 3 5 3 B
j 3 8 0 0 0 0 0
t 1
i 2 1 0 1 1 0 0
j 3 7 0 0 0 0 0
t 2
i 1 1 0 0 1 1 0
j 3 6 0 0 0 0 0
t 3
I 1 A 0 0 1 0 0
j 3 5 0 0 0 0 0
m
r
t 1
n 1 3 ? ?
j 3 5 1 0 0 0 0
t 2
i 1 1 0 0 1 1 0
j 3 4 1 0 0 0 0
t 3
I 1 C 0 1 1 0 1
j 3 3 1 0 0 0 0
m
r
t 1
n 1 3 ? ?
j 3 3 1 0 1 0 0
t 2
I 1 E 0 0 1 1 0
j 3 2 1 0 1 0 0
t 3
i 1 2 0 0 0 0 1
j 3 1 1 0 1 0 0
m
r
t 1
n 1 4 ? ?
j 3 1 1 0 1 0 1
t 2
n 2 1 4 B
j 3 2 1 0 1 0 1
t 3
I 2 B 1 0 1 0 0
j 3 1 1 0 1 0 1
m
r
t 1
n 1 5 ? ?
j 3 1 1 0 2 0 1
t 2
n 2 3 2 D
j 3 1 1 1 2 0 1
t 3
i 1 3 1 1 0 0 1
j 3 0 1 1 2 0 1
m
r
t 1
n 1 2 ? ?
j 3 0 1 1 3 0 1
t 2
n 2 1 4 C
j 3 1 1 1 3 0 1
t 3
i 1 1 0 1 0 0 0
j 3 0 1 1 3 0 1
m
r
t 1
n 1 1 ? ?
j 3 1 1 1 3 0 1
t 2
I 1 D 1 1 0 0 1
j 3 0 1 1 3 0 1
t 3
n 3 1 3 A
j 3 1 1 1 3 0 1
m
r
t 1
n 1 2 ? ?
j 3 1 1 1 3 1 1
t 2
i 1 2 0 1 0 0 0
j 3 0 1 1 3 1 1
t 3
n 3 1 1 D
j 3 1 1 1 3 1 1
m
r
t 1
i 2 4 1 0 0 0 0
j 3 0 1 1 3 1 1
t 2
n 2 1 2 A
j 3 1 1 1 3 1 1
t 3
I 1 A 0 1 0 0 0
j 3 0 1 1 3 1 1
m
r
t 1
n 1 2 ? ?
j 3 0 2 1 3 1 1
t 2
n 2 1 5 C
j 3 1 2 1 3 1 1
t 3
i 1 2 0 1 0 0 0
j 3 0 2 1 3 1 1
m
r
t 1
n 1 1 ? ?
j 3 1 2 1 3 1 1
t 2
I 1 E 0 1 1 1 0
j 3 0 2 1 3 1 1
t 3
n 3 1 2 B
j 3 1 2 1 3 1 1
m
r
t 1
n 1 2 ? ?
j 3 1 2 1 3 1 2
t 2
i 1 2 0 1 0 0 0
j 3 0 2 1 3 1 2
t 3
n 3 1 3 C
j 3 1 2 1 3 1 2
m
r
t 1
i 2 2 0 0 1 0 0
j 3 0 2 1 3 1 2
t 2
n 2 1 2 E
j 3 1 2 1 3 1 2
t 3
I 1 B 0 1 0 0 0
j 3 0 2 1 3 1 2
m
r
t 1
n 1 2 ? ?
j 3 0 2 2 3 1 2
t 2
n 2 1 3 E
j 3 1 2 2 3 1 2
t 3
i 2 3 1 0 0 1 0
j 3 0 2 2 3 1 2
m
r
t 1
n 1 1 ? ?
j 3 1 2 2 3 1 2
t 2
i 1 4 1 0 1 0 0
j 3 0 2 2 3 1 2
t 3
n 3 1 1 B
j 3 1 2 2 3 1 2
m
r
t 1
I 2 E 1 1 0 0 0
j 3 0 2 2 3 1 2
t 2
n 2 1 4 D
j 3 0 2 2 3 1 3
t 3
n 3 1 3 B
j 3 1 2 2 3 1 3
m
r
t 1
n 1 3 ? ?
j 3 1 2 2 3 1 4
t 2
I 1 C 1 1 0 0 0
j 3 0 2 2 3 1 4
t 3
n 3 1 1 C
j 3 1 2 2 3 1 4
m
r
t 1
n 1 1 ? ?
j 3 1 2 2 4 1 4
t 2
i 3 3 0 0 0 0 1
j 3 0 2 2 4 1 4
t 3
n 3 1 1 D
j 3 1 2 2 4 1 4
m
r
t 1
n 1 4 ? ?
j 3 2 2 2 4 1 5
t 2
I 3 B 0 1 1 0 1
j 3 1 2 2 4 1 5
t 3
n 3 5 4 A
j 3 1 2 3 4 1 5
m
r
t 1
I 2 D 1 0 1 0 1
j 3 0 2 3 4 1 5
t 2
n 2 3 2 D
j 3 0 2 3 4 2 5
t 3
n 3 1 2 C
j 3 1 2 3 4 2 5
m
r
t 1
n 1 5 ? ?
j 3 1 2 3 4 3 5
f 1
p 5 3 1 5
n 1 1 ? ?
n 1 2 ? ?
n 1 3 ? ?
n 1 4 ? ?
n 1 5 ? ?
n 2 1 4 E
n 2 2 2 E
n 2 3 1 C
n 2 4 5 C
n 2 5 1 A
n 3 1 1 E
n 3 2 2 E
n 3 3 1 D
n 3 4 3 B
n 3 5 4 A
j 3 8 0 0 0 0 0
t 1
i 2 1 0 0 1 0 1
j 3 7 0 0 0 0 0
t 2
i 3 1 1 0 1 0 0
j 3 6 0 0 0 0 0
t 3
I 2 C 0 0 1 1 0
j 3 5 0 0 0 0 0
m
r
t 1
I 2 A 0 0 0 0 1
j 3 4 0 0 0 0 0
t 2
n 2 3 3 D
j 3 4 0 0 1 0 0
t 3
i 1 2 1 1 0 0 0
j 3 3 0 0 1 0 0
m
r
t 1
I 3 E 1 1 0 0 0
j 3 2 0 0 1 0 0
t 2
n 2 5 1 A
j 3 2 1 0 1 0 0
t 3
n 3 1 2 A
j 3 2 1 0 1 0 1
m
r
t 1
i 2 2 0 1 0 0 0
j 3 1 1 0 1 0 1
t 2
I 1 C 1 0 0 0 1
j 3 0 1 0 1 0 1
t 3
n 3 1 2 B
j 3 1 1 0 1 0 1
m
r
t 1
n 1 1 ? ?
j 3 1 1 0 2 0 1
t 2
I 1 A 1 1 0 1 0
j 3 0 1 0 2 0 1
t 3
n 3 1 1 E
j 3 1 1 0 2 0 1
m
r
t 1
n 1 2 ? ?
j 3 1 2 0 2 0 1
t 2
i 1 3 0 0 0 1 1
j 3 0 2 0 2 0 1
t 3
n 3 1 1 B
j 3 1 2 0 2 0 1
m
r
t 1
n 1 4 ? ?
j 3 1 3 0 2 0 1
t 2
i 1 4 1 0 1 0 0
j 3 0 3 0 2 0 1
t 3
n 3 1 5 B
j 3 1 3 0 2 0 1
m
r
t 1
n 1 1 ? ?
j 3 1 4 0 2 0 1
t 2
i 1 1 1 1 0 1 0
j 3 0 4 0 2 0 1
t 3
n 3 1 4 B
j 3 1 4 0 2 0 1
m
r
t 1
n 1 5 ? ?
j 3 1 4 0 3 0 1
t 2
I 1 B 1 0 0 1 1
j 3 0 4 0 3 0 1
t 3
n 3 1 3 D
j 3 1 4 0 3 0 1
m
r
t 1
n 1 1 ? ?
j 3 1 4 1 3 0 1
t 2
i 3 2 0 1 0 0 0
j 3 0 4 1 3 0 1
t 3
n 3 2 2 C
j 3 0 4 1 3 0 2
m
r
t 1
n 1 1 ? ?
j 3 1 4 1 3 0 2
t 2
I 3 D 1 0 1 0 0
j 3 0 4 1 3 0 2
t 3
n 3 3 4 D
j 3 0 4 1 3 1 2
m
r
t 1
n 1 1 ? ?
j 3 1 4 1 3 1 2
t 2
n 2 1 4 B
j 3 2 4 1 3 1 2
t 3
n 3 1 5 E
j 3 3 4 1 3 1 2
m
r
t 1
n 1 1 ? ?
j 3 4 4 1 3 1 2
t 2
n 2 1 3 E
j 3 5 4 1 3 1 2
t 3
i 2 3 1 0 1 0 0
j 3 4 4 1 3 1 2
m
r
t 1
I 2 E 1 1 0 0 0
j 3 3 4 1 3 1 2
t 2
n 2 1 1 D
j 3 3 4 1 3 1 3
t 3
I 1 E 0 0 1 0 0
j 3 2 4 1 3 1 3
m
r
t 1
n 1 3 ? ?
j 3 2 4 1 3 1 4
t 2
i 3 5 1 0 0 0 0
j 3 1 4 1 3 1 4
t 3
n 3 1 1 D
j 3 2 4 1 3 1 4
m
r
t 1
n 1 1 ? ?
j 3 3 4 1 3 1 4
t 2
i 1 4 1 0 0 0 0
j 3 2 4 1 3 1 4
t 3
I 1 C 1 0 0 0 0
j 3 1 4 1 3 1 4
m
r
t 1
n 1 1 ? ?
j 3 1 4 1 4 1 4
t 2
i 1 5 1 0 0 0 0
j 3 0 4 1 4 1 4
t 3
n 3 1 1 C
j 3 1 4 1 4 1 4
m
r
t 1
i 2 5 0 0 0 1 0
j 3 0 4 1 4 1 4
t 2
n 2 4 2 D
j 3 1 4 1 5 1 4
t 3
I 1 A 1 1 0 0 0
j 3 0 4 1 5 1 4
m
r
t 1
n 1 1 ? ?
j 3 1 5 1 5 1 4
t 2
n 2 1 3 C
j 3 2 5 1 5 1 4
t 3
i 2 2 0 1 0 1 0
j 3 1 5 1 5 1 4
m
r
t 1
I 2 D 0 0 1 1 0
j 3 0 5 1 5 1 4
t 2
n 2 4 3 E
j 3 0 5 1 5 2 4
t 3
n 3 1 2 B
j 3 1 5 1 5 2 4
m
r
t 1
i 3 2 1 1 0 0 0
j 3 0 5 1 5 2 4
t 2
n 2 3 1 C
j 3 0 5 1 5 3 4
f 1
p 5 3 1 5
n 1 1 ? ?
n 1 2 ? ?
n 1 3 ? ?
n 1 4 ? ?
n 1 5 ? ?
n 2 1 4 A
n 2 2 4 A
n 2 3 1 C
n 2 4 3 B
n 2 5 4 D
n 3 1 2 D
n 3 2 2 C
n 3 3 4 C
n 3 4 2 D
n 3 5 5 D
j 3 8 0 0 0 0 0
t 1
i 2 1 0 0 1 0 0
j 3 7 0 0 0 0 0
t 2
i 1 1 1 0 1 0 0
j 3 6 0 0 0 0 0
t 3
I 1 E 1 0 0 0 0
j 3 5 0 0 0 0 0
m
r
t 1
n 1 1 ? ?
j 3 5 0 0 0 0 1
t 2
I 1 A 0 0 1 0 1
j 3 4 0 0 0 0 1
t 3
I 2 C 0 0 1 0 0
j 3 3 0 0 0 0 1
m
r
t 1
n 1 3 ? ?
j 3 3 1 0 0 0 1
t 2
n 2 3 1 C
j 3 3 1 0 1 0 1
t 3
i 1 1 1 0 1 0 0
j 3 2 1 0 1 0 1
m
r
t 1
i 3 2 1 1 0 1 0
j 3 1 1 0 1 0 1
t 2
I 1 D 0 0 1 0 0
j 3 0 1 0 1 0 1
t 3
n 3 1 1 E
j 3 1 1 0 1 0 1
m
r
t 1
n 1 3 ? ?
j 3 1 1 0 1 1 1
t 2
I 3 C 0 1 1 0 0
j 3 0 1 0 1 1 1
t 3
n 3 2 3 D
j 3 0 1 0 2 1 1
m
r
t 1
n 1 1 ? ?
j 3 1 1 0 2 1 1
t 2
I 3 D 0 1 0 1 1
j 3 0 1 0 2 1 1
t 3
n 3 4 1 D
j 3 0 1 0 2 2 1
m
r
t 1
n 1 1 ? ?
j 3 1 1 0 2 2 1
t 2
i 3 3 0 1 0 0 0
j 3 0 1 0 2 2 1
t 3
n 3 2 4 E
j 3 0 1 0 2 3 1
m
r
t 1
n 1 1 ? ?
j 3 1 1 0 2 3 1
t 2
n 2 1 2 A
j 3 2 1 0 2 3 1
t 3
i 2 2 1 0 0 0 0
j 3 1 1 0 2 3 1
m
r
t 1
I 2 A 1 1 0 0 0
j 3 0 1 0 2 3 1
t 2
n 2 1 3 A
j 3 0 2 0 2 3 1
t 3
n 3 1 4 C
j 3 1 2 0 2 3 1
m
r
t 1
i 2 3 1 0 0 1 0
j 3 0 2 0 2 3 1
t 2
n 2 1 5 C
j 3 1 2 0 2 3 1
t 3
i 1 3 0 0 0 1 1
j 3 0 2 0 2 3 1
m
r
t 1
n 1 5 ? ?
j 3 0 3 0 2 3 1
t 2
n 2 1 4 D
j 3 1 3 0 2 3 1
t 3
i 2 4 1 1 0 0 1
j 3 0 3 0 2 3 1
m
r
t 1
n 1 1 ? ?
j 3 1 3 0 2 3 1
t 2
n 2 2 2 C
j 3 1 4 0 2 3 1
t 3
i 1 2 1 0 0 0 0
j 3 0 4 0 2 3 1
m
r
t 1
n 1 1 ? ?
j 3 1 4 0 2 3 1
t 2
n 2 1 3 C
j 3 2 4 0 2 3 1
t 3
i 2 3 1 0 0 1 0
j 3 1 4 0 2 3 1
m
r
t 1
I 2 C 1 1 1 0 0
j 3 0 4 0 2 3 1
t 2
n 2 1 2 E
j 3 0 4 0 3 3 1
t 3
n 3 1 1 B
j 3 1 4 0 3 3 1
m
r
t 1
i 2 2 1 1 0 0 0
j 3 0 4 0 3 3 1
t 2
n 2 1 1 B
j 3 1 4 0 3 3 1
t 3
i 2 1 1 0 1 0 0
j 3 0 4 0 3 3 1
m
r
t 1
n 1 1 ? ?
j 3 1 4 0 3 3 1
t 2
i 3 1 1 0 0 1 0
j 3 0 4 0 3 3 1
t 3
n 3 1 3 E
j 3 1 4 0 3 3 1
m
r
t 1
I 2 B 1 0 0 1 0
j 3 0 4 0 3 3 1
t 2
n 2 1 3 D
j 3 0 4 1 3 3 1
t 3
n 3 1 3 C
j 3 1 4 1 3 3 1
m
r
t 1
I 2 D 1 0 0 0 1
j 3 0 4 1 3 3 1
t 2
n 2 5 3 E
j 3 0 4 1 3 4 1
t 3
n 3 1 1 B
j 3 1 4 1 3 4 1
m
r
t 1
i 3 4 0 1 1 0 0
j 3 0 4 1 3 4 1
t 2
n 2 1 2 B
j 3 1 4 1 3 4 1
t 3
n 3 3 2 A
j 3 1 4 1 4 4 1
m
r
t 1
i 2 2 1 1 0 0 0
j 3 0 4 1 4 4 1
t 2
n 2 1 4 B
j 3 1 4 1 4 4 1
t 3
n 3 5 4 E
j 3 2 4 1 4 5 1
m
r
t 1
n 1 1 ? ?
j 3 3 4 1 4 5 1
f 1
p 5 3 1 5
n 1 1 ? ?
n 1 2 ? ?
n 1 3 ? ?
n 1 4 ? ?
n 1 5 ? ?
n 2 1 2 C
n 2 2 1 A
n 2 3 1 D
n 2 4 3 D
n 2 5 5 E
n 3 1 4 D
n 3 2 3 D
n 3 3 3 B
n 3 4 4 D
n 3 5 1 D
j 3 8 0 0 0 0 0
t 1
i 2 1 0 1 1 0 0
j 3 7 0 0 0 0 0
t 2
i 1 1 0 0 0 1 0
j 3 6 0 0 0 0 0
t 3
I 1 B 0 0 0 1 0
j 3 5 0 0 0 0 0
m
r
t 1
n 1 4 ? ?
j 3 5 0 1 0 0 0
t 2
i 3 1 0 0 0 0 1
j 3 4 0 1 0 0 0
t 3
I 2 A 0 1 0 0 0
j 3 3 0 1 0 0 0
m
r
t 1
I 2 D 0 0 1 1 0
j 3 2 0 1 0 0 0
t 2
n 2 2 4 A
j 3 2 1 1 0 0 0
t 3
n 3 1 1 C
j 3 3 1 1 0 0 0
m
r
t 1
i 3 1 1 0 0 0 1
j 3 2 1 1 0 0 0
t 2
n 2 3 1 E
j 3 2 1 1 0 1 0
t 3
i 1 2 1 1 0 0 1
j 3 1 1 1 0 1 0
m
r
t 1
i 2 1 0 0 1 0 0
j 3 0 1 1 0 1 0
t 2
n 2 1 1 D
j 3 1 1 1 0 1 0
t 3
I 1 D 0 1 0 0 0
j 3 0 1 1 0 1 0
m
r
t 1
n 1 2 ? ?
j 3 0 1 1 0 2 0
t 2
n 2 1 3 E
j 3 1 1 1 0 2 0
t 3
i 1 2 1 1 0 0 1
j 3 0 1 1 0 2 0
m
r
t 1
n 1 1 ? ?
j 3 1 1 1 0 2 0
t 2
I 1 A 0 1 0 0 0
j 3 0 1 1 0 2 0
t 3
n 3 1 5 B
j 3 1 1 1 0 2 0
m
r
t 1
n 1 2 ? ?
j 3 1 2 1 0 2 0
t 2
i 3 3 0 1 1 0 0
j 3 0 2 1 0 2 0
t 3
n 3 1 3 C
j 3 1 2 1 0 2 0
m
r
t 1
I 2 E 1 0 1 0 1
j 3 0 2 1 0 2 0
t 2
n 2 3 2 C
j 3 0 2 1 0 2 1
t 3
n 3 1 3 C
j 3 1 2 1 0 2 1
m
r
t 1
i 2 3 1 0 0 1 0
j 3 0 2 1 0 2 1
t 2
n 2 4 5 A
j 3 0 2 1 0 3 1
t 3
n 3 1 4 E
j 3 1 2 1 0 3 1
m
r
t 1
i 3 4 1 0 0 1 0
j 3 0 2 1 0 3 1
t 2
n 2 1 1 C
j 3 1 2 1 0 3 1
t 3
I 1 E 0 0 0 0 1
j 3 0 2 1 0 3 1
m
r
t 1
n 1 5 ? ?
j 3 0 2 1 0 3 2
t 2
n 2 1 2 D
j 3 1 2 1 0 3 2
t 3
i 1 3 0 0 0 0 1
j 3 0 2 1 0 3 2
m
r
t 1
n 1 1 ? ?
j 3 1 2 1 0 3 2
t 2
I 1 A 1 1 0 0 1
j 3 0 2 1 0 3 2
t 3
n 3 1 4 A
j 3 1 2 1 0 3 2
m
r
t 1
n 1 5 ? ?
j 3 1 3 1 0 3 2
t 2
i 1 1 1 0 0 0 1
j 3 0 3 1 0 3 2
t 3
n 3 1 2 B
j 3 1 3 1 0 3 2
m
r
t 1
i 2 4 0 1 0 0 0
j 3 0 3 1 0 3 2
t 2
n 2 1 1 E
j 3 1 3 1 0 3 2
t 3
I 1 C 0 0 1 0 1
j 3 0 3 1 0 3 2
m
r
t 1
n 1 5 ? ?
j 3 0 3 1 1 3 2
t 2
n 2 1 1 B
j 3 1 3 1 1 3 2
t 3
i 1 2 0 1 0 0 1
j 3 0 3 1 1 3 2
m
r
t 1
n 1 1 ? ?
j 3 1 3 1 1 3 2
t 2
I 1 B 1 0 0 1 1
j 3 0 3 1 1 3 2
t 3
n 3 1 1 A
j 3 1 3 1 1 3 2
m
r
t 1
n 1 5 ? ?
j 3 1 3 2 1 3 2
t 2
i 1 3 1 0 0 0 0
j 3 0 3 2 1 3 2
t 3
n 3 1 4 B
j 3 1 3 2 1 3 2
m
r
t 1
n 1 1 ? ?
j 3 1 3 3 1 3 2
t 2
i 1 4 0 0 1 1 1
j 3 0 3 3 1 3 2
t 3
n 3 1 5 C
j 3 1 3 3 1 3 2
m
r
t 1
n 1 4 ? ?
j 3 1 3 4 1 3 2
t 2
I 3 D 0 1 0 1 1
j 3 0 3 4 1 3 2
t 3
n 3 4 5 D
j 3 0 3 4 1 4 2
m
r
t 1
n 1 1 ? ?
j 3 1 3 4 1 4 2
t 2
i 1 3 1 0 0 0 0
j 3 0 3 4 1 4 2
t 3
n 3 1 1 E
j 3 1 3 4 1 4 2
m
r
f 1
p 5 3 1 5
n 1 1 ? ?
n 1 2 ? ?
n 1 3 ? ?
n 1 4 ? ?
n 1 5 ? ?
n 2 1 5 E
n 2 2 1 E
n 2 3 2 D
n 2 4 4 A
n 2 5 1 B
n 3 1 1 B
n 3 2 1 A
n 3 3 3 A
n 3 4 3 C
n 3 5 2 A
j 3 8 0 0 0 0 0
t 1
i 2 1 0 1 0 0 1
j 3 7 0 0 0 0 0
t 2
i 1 1 0 1 0 0 0
j 3 6 0 0 0 0 0
t 3
I 1 D 1 1 0 0 0
j 3 5 0 0 0 0 0
m
r
t 1
n 1 2 ? ?
j 3 5 0 0 0 1 0
t 2
i 3 1 1 1 0 0 0
j 3 4 0 0 0 1 0
t 3
I 2 E 1 1 0 0 0
j 3 3 0 0 0 1 0
m
r
t 1
i 2 2 0 0 1 0 0
j 3 2 0 0 0 1 0
t 2
n 2 2 5 D
j 3 2 0 0 0 1 1
t 3
I 2 D 0 1 1 0 0
j 3 1 0 0 0 1 1
m
r
t 1
I 2 B 0 0 0 0 1
j 3 0 0 0 0 1 1
t 2
n 2 3 4 C
j 3 0 0 0 0 2 1
t 3
n 3 1 1 C
j 3 1 0 0 0 2 1
m
r
t 1
i 3 1 1 1 0 0 0
j 3 0 0 0 0 2 1
t 2
n 2 5 1 C
j 3 0 0 1 0 2 1
t 3
n 3 1 3 E
j 3 1 0 1 0 2 1
m
r
t 1
i 2 1 0 0 0 0 1
j 3 0 0 1 0 2 1
t 2
n 2 1 1 E
j 3 1 0 1 0 2 1
t 3
i 1 3 1 0 1 1 1
j 3 0 0 1 0 2 1
m
r
t 1
n 1 1 ? ?
j 3 0 0 1 0 3 1
t 2
n 2 1 4 A
j 3 1 0 1 0 3 1
t 3
I 2 C 0 0 1 0 1
j 3 0 0 1 0 3 1
m
r
t 1
n 1 1 ? ?
j 3 1 0 1 0 3 1
t 2
n 2 5 2 A
j 3 1 0 1 1 3 1
t 3
i 1 2 0 1 0 0 0
j 3 0 0 1 1 3 1
m
r
t 1
n 1 1 ? ?
j 3 1 0 1 1 3 1
t 2
I 1 C 0 1 0 0 1
j 3 0 0 1 1 3 1
t 3
n 3 1 4 E
j 3 1 0 1 1 3 1
m
r
t 1
n 1 2 ? ?
j 3 1 0 1 2 3 1
t 2
i 1 2 0 1 0 0 0
j 3 0 0 1 2 3 1
t 3
n 3 1 5 C
j 3 1 0 1 2 3 1
m
r
t 1
n 1 5 ? ?
j 3 1 0 1 3 3 1
t 2
I 1 B 0 1 1 0 0
j 3 0 0 1 3 3 1
t 3
n 3 1 4 B
j 3 1 0 1 3 3 1
m
r
t 1
n 1 2 ? ?
j 3 1 0 2 3 3 1
t 2
i 1 1 0 1 0 0 1
j 3 0 0 2 3 3 1
t 3
n 3 1 2 C
j 3 1 0 2 3 3 1
m
r
t 1
n 1 3 ? ?
j 3 1 0 3 3 3 1
t 2
i 1 4 1 0 1 0 0
j 3 0 0 3 3 3 1
t 3
n 3 1 2 E
j 3 1 0 3 3 3 1
m
r
t 1
i 2 4 1 0 1 1 0
j 3 0 0 3 3 3 1
t 2
n 2 3 2 B
j 3 0 0 3 4 3 1
t 3
n 3 1 4 D
j 3 1 0 3 4 3 1
m
r
t 1
i 3 4 1 0 0 0 0
j 3 0 0 3 4 3 1
t 2
n 2 1 2 D
j 3 1 0 3 4 3 1
t 3
I 1 B 0 0 1 0 0
j 3 0 0 3 4 3 1
m
r
t 1
n 1 3 ? ?
j 3 0 0 4 4 3 1
t 2
n 2 1 1 C
j 3 1 0 4 4 3 1
t 3
I 1 A 0 0 0 1 1
j 3 0 0 4 4 3 1
m
r
t 1
n 1 5 ? ?
j 3 0 1 4 4 3 1
t 2
n 2 1 1 D
j 3 1 1 4 4 3 1
t 3
i 2 2 0 0 1 0 1
j 3 0 1 4 4 3 1
m
r
t 1
n 1 1 ? ?
j 3 1 1 4 4 3 1
t 2
I 3 D 1 0 0 0 0
j 3 0 1 4 4 3 1
t 3
n 3 1 1 A
j 3 0 1 4 4 4 1
m
r
t 1
n 1 1 ? ?
j 3 1 1 4 4 4 1
t 2
i 3 2 0 0 0 0 1
j 3 0 1 4 4 4 1
t 3
n 3 1 3 D
j 3 1 1 4 4 4 1
m
r
t 1
i 2 5 0 1 0 0 0
j 3 0 1 4 4 4 1
t 2
n 2 2 2 E
j 3 1 1 4 4 5 1
t 3
i 2 2 0 1 1 0 1
j 3 0 1 4 4 5 1
m
r
t 1
n 1 1 ? ?
j 3 1 1 4 4 5 1
t 2
i 1 5 1 0 0 0 0
j 3 0 1 4 4 5 1
t 3
n 3 1 4 C
j 3 1 1 4 4 5 1
m
r
f 1
p 5 3 1 5
n 1 1 ? ?
n 1 2 ? ?
n 1 3 ? ?
n 1 4 ? ?
n 1 5 ? ?
n 2 1 4 A
n 2 2 1 D
n 2 3 4 A
n 2 4 5 B
n 2 5 3 A
n 3 1 1 C
n 3 2 2 D
n 3 3 2 A
n 3 4 1 A
n 3 5 4 B
j 3 8 0 0 0 0 0
t 1
i 2 1 0 1 0 0 0
j 3 7 0 0 0 0 0
t 2
i 3 1 1 0 0 1 0
j 3 6 0 0 0 0 0
t 3
I 2 D 0 1 0 0 0
j 3 5 0 0 0 0 0
m
r
t 1
I 3 C 1 0 0 0 0
j 3 4 0 0 0 0 0
t 2
n 2 2 2 D
j 3 4 0 0 0 1 0
t 3
n 3 1 1 D
j 3 4 0 0 1 1 0
m
r
t 1
i 2 2 0 1 0 0 0
j 3 3 0 0 1 1 0
t 2
i 3 2 0 1 1 0 0
j 3 2 0 0 1 1 0
t 3
I 2 D 0 1 0 0 0
j 3 1 0 0 1 1 0
m
r
t 1
I 3 D 1 1 0 0 0
j 3 0 0 0 1 1 0
t 2
n 2 2 2 E
j 3 0 0 0 1 2 0
t 3
n 3 1 2 C
j 3 1 0 0 1 2 0
m
r
t 1
i 3 2 1 1 1 0 0
j 3 0 0 0 1 2 0
t 2
n 2 1 3 D
j 3 1 0 0 1 2 0
t 3
i 1 3 1 0 0 0 1
j 3 0 0 0 1 2 0
m
r
t 1
n 1 1 ? ?
j 3 1 0 0 1 2 0
t 2
I 1 D 0 0 0 1 1
j 3 0 0 0 1 2 0
t 3
n 3 1 3 C
j 3 1 0 0 1 2 0
m
r
t 1
n 1 5 ? ?
j 3 1 0 0 1 3 0
t 2
i 1 4 0 1 1 1 0
j 3 0 0 0 1 3 0
t 3
n 3 1 4 E
j 3 1 0 0 1 3 0
m
r
t 1
n 1 4 ? ?
j 3 1 0 0 1 4 0
t 2
I 3 A 0 0 1 1 0
j 3 0 0 0 1 4 0
t 3
n 3 4 1 E
j 3 0 1 0 1 4 0
m
r
t 1
n 1 1 ? ?
j 3 1 1 0 1 4 0
t 2
i 1 2 1 0 0 1 1
j 3 0 1 0 1 4 0
t 3
n 3 3 2 A
j 3 0 2 0 1 4 0
m
r
t 1
n 1 1 ? ?
j 3 1 2 0 1 4 0
t 2
i 3 1 0 0 0 1 0
j 3 0 2 0 1 4 0
t 3
n 3 1 4 C
j 3 1 2 0 1 4 0
m
r
t 1
i 2 3 1 0 0 0 1
j 3 0 2 0 1 4 0
t 2
n 2 1 3 C
j 3 1 2 0 1 4 0
t 3
I 2 A 0 0 1 0 1
j 3 0 2 0 1 4 0
m
r
t 1
n 1 1 ? ?
j 3 1 2 0 1 4 0
t 2
n 2 5 5 C
j 3 1 3 0 1 4 0
t 3
i 2 4 0 0 1 0 0
j 3 0 3 0 1 4 0
m
r
t 1
n 1 1 ? ?
j 3 1 3 0 1 4 0
t 2
n 2 3 1 B
j 3 1 4 0 1 4 0
t 3
i 2 1 0 0 1 0 0
j 3 0 4 0 1 4 0
m
r
t 1
n 1 1 ? ?
j 3 1 4 0 1 4 0
t 2
I 3 E 0 0 0 1 0
j 3 0 4 0 1 4 0
t 3
n 3 4 3 E
j 3 0 4 0 1 4 1
m
r
t 1
n 1 1 ? ?
j 3 1 4 0 1 4 1
t 2
I 1 E 1 1 0 0 1
j 3 0 4 0 1 4 1
t 3
n 3 1 3 B
j 3 1 4 0 1 4 1
m
r
t 1
n 1 5 ? ?
j 3 1 4 0 1 4 2
t 2
i 3 3 1 0 0 1 0
j 3 0 4 0 1 4 2
t 3
n 3 1 1 A
j 3 1 4 0 1 4 2
m
r
t 1
I 2 B 0 0 1 1 0
j 3 0 4 0 1 4 2
t 2
n 2 3 1 E
j 3 0 4 1 1 4 2
t 3
n 3 1 1 C
j 3 1 4 1 1 4 2
m
r
t 1
I 3 E 0 0 0 1 0
j 3 0 4 1 1 4 2
t 2
n 2 1 5 A
j 3 1 4 1 1 4 2
t 3
n 3 4 1 B
j 3 1 4 1 1 4 3
m
r
t 1
n 1 2 ? ?
j 3 1 4 1 1 4 4
t 2
i 1 5 0 1 0 0 1
j 3 0 4 1 1 4 4
t 3
n 3 1 3 A
j 3 1 4 1 1 4 4
m
r
t 1
i 2 5 1 0 0 1 1
j 3 0 4 1 1 4 4
t 2
n 2 1 1 A
j 3 1 4 1 1 4 4
t 3
I 1 D 0 1 0 0 0
j 3 0 4 1 1 4 4
m
r
t 1
n 1 2 ? ?
j 3 1 4 1 1 5 4
t 2
I 1 B 0 1 1 1 0
j 3 0 4 1 1 5 4
t 3
n 3 1 1 D
j 3 1 4 1 1 5 4
m
r
f 1
p 5 3 1 5
n 1 1 ? ?
n 1 2 ? ?
n 1 3 ? ?
n 1 4 ? ?
n 1 5 ? ?
n 2 1 4 E
n 2 2 1 B
n 2 3 2 D
n 2 4 3 B
n 2 5 2 D
n 3 1 2 E
n 3 2 1 A
n 3 3 2 B
n 3 4 3 A
n 3 5 4 D
j 3 8 0 0 0 0 0
t 1
i 2 1 0 1 0 0 0
j 3 7 0 0 0 0 0
t 2
i 1 1 0 1 1 0 0
j 3 6 0 0 0 0 0
t 3
I 1 E 0 1 0 1 0
j 3 5 0 0 0 0 0
m
r
t 1
n 1 2 ? ?
j 3 5 0 0 0 0 1
t 2
I 1 C 0 0 1 0 1
j 3 4 0 0 0 0 1
t 3
i 1 2 0 0 0 1 0
j 3 3 0 0 0 0 1
m
r
t 1
n 1 3 ? ?
j 3 3 0 0 1 0 1
t 2
i 3 2 1 0 1 0 0
j 3 2 0 0 1 0 1
t 3
I 2 B 0 1 0 1 0
j 3 1 0 0 1 0 1
m
r
t 1
n 1 4 ? ?
j 3 1 0 0 1 0 2
t 2
n 2 2 1 D
j 3 1 0 1 1 0 2
t 3
i 1 3 0 1 0 0 0
j 3 0 0 1 1 0 2
m
r
t 1
n 1 1 ? ?
j 3 1 0 1 1 0 2
t 2
I 1 E 0 1 0 0 0
j 3 0 0 1 1 0 2
t 3
n 3 1 4 A
j 3 1 0 1 1 0 2
m
r
t 1
n 1 2 ? ?
j 3 1 0 1 1 0 3
t 2
i 3 1 0 1 0 0 0
j 3 0 0 1 1 0 3
t 3
n 3 1 2 C
j 3 1 0 1 1 0 3
m
r
t 1
i 2 4 1 0 0 0 0
j 3 0 0 1 1 0 3
t 2
n 2 1 4 E
j 3 1 0 1 1 0 3
t 3
i 2 4 1 0 0 0 0
j 3 0 0 1 1 0 3
m
r
t 1
n 1 1 ? ?
j 3 1 0 1 1 0 3
t 2
i 3 2 1 0 1 0 0
j 3 0 0 1 1 0 3
t 3
n 3 1 3 A
j 3 1 0 1 1 0 3
m
r
t 1
I 2 E 1 0 0 0 0
j 3 0 0 1 1 0 3
t 2
n 2 1 1 D
j 3 0 0 1 1 0 4
t 3
n 3 1 2 A
j 3 1 0 1 1 0 4
m
r
t 1
i 2 1 1 1 0 0 0
j 3 0 0 1 1 0 4
t 2
n 2 1 3 C
j 3 1 0 1 1 0 4
t 3
I 2 D 0 1 1 0 1
j 3 0 0 1 1 0 4
m
r
t 1
n 1 1 ? ?
j 3 1 0 1 1 0 4
t 2
n 2 2 4 C
j 3 1 0 1 1 1 4
t 3
i 1 1 1 1 1 0 0
j 3 0 0 1 1 1 4
m
r
t 1
n 1 1 ? ?
j 3 1 0 1 1 1 4
t 2
I 3 A 1 1 0 1 0
j 3 0 0 1 1 1 4
t 3
n 3 2 3 D
j 3 0 1 1 1 1 4
m
r
t 1
n 1 1 ? ?
j 3 1 1 1 1 1 4
t 2
i 3 2 1 0 1 0 0
j 3 0 1 1 1 1 4
t 3
n 3 1 1 E
j 3 0 2 1 1 1 4
m
r
t 1
n 1 1 ? ?
j 3 1 2 1 1 1 4
t 2
I 3 B 0 0 1 0 0
j 3 0 2 1 1 1 4
t 3
n 3 3 3 B
j 3 0 2 2 1 1 4
m
r
t 1
n 1 1 ? ?
j 3 1 2 2 1 1 4
t 2
i 3 3 0 1 1 1 0
j 3 0 2 2 1 1 4
t 3
n 3 4 1 B
j 3 0 3 2 1 1 4
m
r
t 1
n 1 1 ? ?
j 3 1 3 2 1 1 4
t 2
I 3 B 0 0 1 1 0
j 3 0 3 2 1 1 4
t 3
n 3 3 3 D
j 3 0 3 3 1 1 4
m
r
t 1
n 1 1 ? ?
j 3 1 3 3 1 1 4
t 2
n 2 1 5 B
j 3 2 3 3 1 1 4
t 3
i 2 2 0 0 1 0 1
j 3 1 3 3 1 1 4
m
r
t 1
n 1 1 ? ?
j 3 2 3 3 1 1 4
t 2
n 2 3 2 C
j 3 2 3 3 1 2 4
t 3
i 2 2 0 0 1 0 1
j 3 1 3 3 1 2 4
m
r
t 1
I 2 C 0 1 1 0 0
j 3 0 3 3 1 2 4
t 2
n 2 3 5 E
j 3 0 3 3 2 2 4
t 3
n 3 1 3 C
j 3 1 3 3 2 2 4
m
r
t 1
i 2 5 1 0 1 0 0
j 3 0 3 3 2 2 4
t 2
n 2 1 5 C
j 3 1 3 3 2 2 4
t 3
I 2 E 0 0 1 0 0
j 3 0 3 3 2 2 4
m
r
t 1
n 1 1 ? ?
j 3 1 3 3 2 2 4
t 2
n 2 3 4 B
j 3 2 3 3 2 2 5
f 1
p 5 3 1 5
n 1 1 ? ?
n 1 2 ? ?
n 1 3 ? ?
n 1 4 ? ?
n 1 5 ? ?
n 2 1 1 D
n 2 2 2 E
n 2 3 4 A
n 2 4 2 A
n 2 5 1 E
n 3 1 1 E
n 3 2 2 C
n 3 3 2 B
n 3 4 3 B
n 3 5 3 D
j 3 8 0 0 0 0 0
t 1
i 2 1 1 0 0 0 1
j 3 7 0 0 0 0 0
t 2
i 1 1 1 0 0 0 0
j 3 6 0 0 0 0 0
t 3
I 1 A 1 0 0 0 0
j 3 5 0 0 0 0 0
m
r
t 1
n 1 1 ? ?
j 3 5 1 0 0 0 0
t 2
i 3 1 1 0 0 0 0
j 3 4 1 0 0 0 0
t 3
I 2 D 1 0 0 0 0
j 3 3 1 0 0 0 0
m
r
t 1
i 2 2 0 1 0 1 0
j 3 2 1 0 0 0 0
t 2
n 2 1 4 D
j 3 2 1 0 0 1 0
t 3
I 2 A 0 0 1 1 0
j 3 1 1 0 0 1 0
m
r
t 1
I 2 E 0 1 0 0 1
j 3 0 1 0 0 1 0
t 2
n 2 4 4 B
j 3 0 2 0 0 1 0
t 3
n 3 1 2 E
j 3 1 2 0 0 1 0
m
r
t 1
n 1 1 ? ?
j 3 2 2 0 0 1 0
t 2
n 2 5 3 C
j 3 2 2 0 0 1 1
t 3
i 1 2 1 0 0 0 0
j 3 1 2 0 0 1 1
m
r
t 1
i 3 2 1 1 1 0 0
j 3 0 2 0 0 1 1
t 2
n 2 2 1 A
j 3 0 2 0 0 1 2
t 3
n 3 1 1 D
j 3 1 2 0 0 1 2
m
r
t 1
n 1 1 ? ?
j 3 2 2 0 0 1 2
t 2
n 2 1 2 C
j 3 3 2 0 0 1 2
t 3
n 3 1 5 C
j 3 4 2 0 0 1 2
m
r
t 1
n 1 1 ? ?
j 3 5 2 0 0 1 2
t 2
n 2 1 5 D
j 3 6 2 0 0 1 2
t 3
n 3 1 3 E
j 3 7 2 0 0 1 2
m
r
t 1
i 3 3 1 0 0 1 1
j 3 6 2 0 0 1 2
t 2
I 3 E 1 0 0 0 0
j 3 5 2 0 0 1 2
t 3
n 3 1 5 B
j 3 5 2 0 0 1 3
m
r
t 1
n 1 1 ? ?
j 3 6 2 0 0 1 3
t 2
i 1 1 1 0 0 0 0
j 3 5 2 0 0 1 3
t 3
I 1 C 1 0 0 0 0
j 3 4 2 0 0 1 3
m
r
t 1
n 1 1 ? ?
j 3 4 2 0 1 1 3
t 2
i 1 4 1 1 1 0 1
j 3 3 2 0 1 1 3
t 3
I 1 E 0 0 0 1 1
j 3 2 2 0 1 1 3
m
r
t 1
n 1 5 ? ?
j 3 2 2 0 1 1 4
t 2
i 1 5 0 0 0 1 0
j 3 1 2 0 1 1 4
t 3
n 3 1 3 B
j 3 2 2 0 1 1 4
m
r
t 1
n 1 4 ? ?
j 3 3 2 0 1 1 5
t 2
I 3 C 0 1 0 0 0
j 3 2 2 0 1 1 5
t 3
n 3 2 5 A
j 3 2 2 0 2 1 5
m
r
t 1
i 2 3 0 0 0 0 1
j 3 1 2 0 2 1 5
t 2
n 2 1 3 A
j 3 2 2 0 2 1 5
t 3
i 2 3 1 0 0 0 1
j 3 1 2 0 2 1 5
m
r
t 1
I 2 A 1 1 1 0 0
j 3 0 2 0 2 1 5
t 2
n 2 1 1 B
j 3 0 3 0 2 1 5
t 3
n 3 1 2 D
j 3 1 3 0 2 1 5
m
r
t 1
i 2 1 1 1 0 0 0
j 3 0 3 0 2 1 5
t 2
n 2 1 3 E
j 3 1 3 0 2 1 5
t 3
i 2 4 0 0 1 1 0
j 3 0 3 0 2 1 5
m
r
t 1
n 1 1 ? ?
j 3 1 3 0 2 1 5
t 2
n 2 3 1 B
j 3 1 4 0 2 1 5
t 3
i 1 1 1 0 0 0 1
j 3 0 4 0 2 1 5
m
r
t 1
n 1 1 ? ?
j 3 1 4 0 2 1 5
t 2
i 3 2 1 0 1 0 0
j 3 0 4 0 2 1 5
t 3
n 3 1 1 E
j 3 1 4 0 2 1 5
m
r
t 1
i 2 1 0 1 1 0 0
j 3 0 4 0 2 1 5
t 2
n 2 1 1 A
j 3 1 4 0 2 1 5
t 3
I 2 B 0 0 1 1 0
j 3 0 4 0 2 1 5
m
r
t 1
n 1 1 ? ?
j 3 1 4 0 2 1 5
t 2
n 2 3 1 C
j 3 1 4 1 2 1 5
t 3
I 2 C 0 0 1 0 1
j 3 0 4 1 2 1 5
m
r
t 1
n 1 1 ? ?
j 3 1 4 1 2 1 5
t 2
n 2 5 4 E
j 3 1 4 1 3 1 5
t 3
i 1 4 1 1 1 0 0
j 3 0 4 1 3 1 5
m
r
t 1
n 1 1 ? ?
j 3 1 4 1 3 1 5
f 0
