p 5 3 1 6
n 1 1 ? ?
n 1 2 ? ?
n 1 3 ? ?
n 1 4 ? ?
n 1 5 ? ?
n 2 1 5 E
n 2 2 4 D
n 2 3 2 A
n 2 4 1 B
n 2 5 2 A
n 3 1 2 B
n 3 2 2 D
n 3 3 5 D
n 3 4 4 B
n 3 5 4 E
j 3 8 0 0 0 0 0
t 1
i 2 1 0 0 0 1 0
j 3 7 0 0 0 0 0
t 2
n 2 1 2 C
j 3 8 0 0 0 0 0
t 3
I 2 B 0 0 0 1 0
j 3 7 0 0 0 0 0
m
r
t 1
n 1 1 ? ?
j 3 8 0 0 0 0 0
t 2
n 2 4 4 A
j 3 8 0 1 0 0 0
t 3
n 3 1 3 A
j 3 8 0 1 0 0 0
m
r
t 1
n 1 2 ? ?
j 3 8 0 1 0 0 0
t 2
n 2 2 3 C
j 3 8 0 1 0 0 0
t 3
n 3 2 4 C
j 3 8 0 1 0 0 0
m
r
t 1
n 1 3 ? ?
j 3 8 0 1 0 0 0
t 2
n 2 3 1 C
j 3 8 0 1 0 0 0
t 3
i 2 1 0 0 1 0 0
j 3 7 0 1 0 0 0
m
r
t 1
I 2 C 1 1 1 0 0
j 3 6 0 1 0 0 0
t 2
n 2 3 1 E
j 3 6 0 1 1 0 0
t 3
i 1 2 0 1 0 0 0
j 3 5 0 1 1 0 0
m
r
t 1
i 2 2 1 0 0 0 1
j 3 4 0 1 1 0 0
t 2
n 2 1 5 A
j 3 4 0 1 2 0 0
t 3
i 2 3 0 1 0 0 0
j 3 3 0 1 2 0 0
m
r
t 1
i 2 1 0 0 1 0 0
j 3 2 0 1 2 0 0
t 2
n 2 2 1 A
j 3 2 0 1 3 0 0
t 3
i 1 4 0 0 0 1 1
j 3 1 0 1 3 0 0
m
r
t 1
i 2 1 0 1 1 0 0
j 3 0 0 1 3 0 0
t 2
n 2 5 1 D
j 3 1 0 1 3 0 0
t 3
I 1 C 0 1 0 0 1
j 3 0 0 1 3 0 0
m
r
t 1
n 1 5 ? ?
j 3 0 0 1 4 0 0
t 2
n 2 4 1 A
j 3 1 0 1 4 0 0
t 3
I 2 A 1 1 0 1 0
j 3 0 0 1 4 0 0
m
r
t 1
n 1 4 ? ?
j 3 1 0 1 4 0 0
t 2
n 2 2 1 E
j 3 1 1 1 4 0 0
t 3
i 2 1 0 1 1 1 1
j 3 0 1 1 4 0 0
m
r
t 1
n 1 1 ? ?
j 3 1 1 1 4 0 0
t 2
n 2 3 5 B
j 3 2 1 1 4 0 0
t 3
I 2 E 0 1 0 0 0
j 3 1 1 1 4 0 0
m
r
t 1
I 2 D 0 0 0 0 1
j 3 0 1 1 4 0 0
t 2
n 2 2 4 B
j 3 0 1 1 4 0 1
t 3
n 3 3 1 E
j 3 1 1 1 4 0 1
m
r
t 1
n 1 2 ? ?
j 3 2 1 1 4 0 1
t 2
n 2 5 4 E
j 3 2 1 1 4 1 1
t 3
i 1 2 0 1 0 0 1
j 3 1 1 1 4 1 1
m
r
t 1
n 1 3 ? ?
j 3 2 1 1 4 1 1
t 2
I 1 B 0 1 1 1 0
j 3 1 1 1 4 1 1
t 3
I 1 E 1 0 0 0 1
j 3 0 1 1 4 1 1
m
r
t 1
n 1 2 ? ?
j 3 0 1 2 4 1 1
t 2
n 2 1 1 A
j 3 1 1 2 4 1 1
t 3
i 1 3 1 0 0 1 0
j 3 0 1 2 4 1 1
m
r
t 1
n 1 4 ? ?
j 3 0 1 3 4 1 1
t 2
n 2 4 4 D
j 3 1 1 3 4 1 1
t 3
i 1 5 0 0 0 1 0
j 3 0 1 3 4 1 1
m
r
t 1
n 1 5 ? ?
j 3 0 1 3 4 1 2
t 2
n 2 3 1 B
j 3 1 1 3 4 1 2
t 3
I 1 C 0 0 0 1 0
j 3 0 1 3 4 1 2
m
r
t 1
n 1 1 ? ?
j 3 0 1 3 4 1 3
t 2
n 2 2 1 C
j 3 1 1 3 4 1 3
t 3
i 1 2 1 0 0 0 0
j 3 0 1 3 4 1 3
m
r
t 1
n 1 4 ? ?
j 3 1 1 3 5 1 3
t 2
I 1 D 1 1 0 0 1
j 3 0 1 3 5 1 3
t 3
n 3 4 3 C
j 3 1 1 3 5 1 3
m
r
t 1
n 1 1 ? ?
j 3 1 1 3 5 2 3
f 0
