p 5 3 1 4
n 1 1 ? ?
n 1 2 ? ?
n 1 3 ? ?
n 1 4 ? ?
n 1 5 ? ?
n 2 1 2 C
n 2 2 3 D
n 2 3 1 E
n 2 4 3 A
n 2 5 1 B
n 3 1 3 C
n 3 2 1 D
n 3 3 2 D
n 3 4 1 E
n 3 5 1 C
j 3 8 0 0 0 0 0
t 1
i 2 1 0 0 1 0 1
j 3 7 0 0 0 0 0
t 2
i 1 1 0 0 0 0 1
j 3 6 0 0 0 0 0
t 3
I 1 E 0 1 1 0 1
j 3 5 0 0 0 0 0
m
r
t 1
n 1 5 ? ?
j 3 5 0 0 0 0 1
t 2
i 3 1 0 1 0 1 1
j 3 4 0 0 0 0 1
t 3
I 2 B 0 0 0 0 1
j 3 3 0 0 0 0 1
m
r
t 1
I 3 D 0 1 1 0 0
j 3 2 0 0 0 0 1
t 2
n 2 5 5 A
j 3 2 0 1 0 0 1
t 3
n 3 2 1 B
j 3 2 0 1 0 1 1
m
r
t 1
i 3 2 0 0 1 0 0
j 3 1 0 1 0 1 1
t 2
I 3 C 1 0 0 0 1
j 3 0 0 1 0 1 1
t 3
n 3 3 4 B
j 3 0 0 1 0 2 1
m
r
t 1
n 1 1 ? ?
j 3 1 0 1 0 2 1
t 2
n 2 1 3 E
j 3 2 0 1 0 2 1
t 3
n 3 5 1 A
j 3 2 0 1 1 2 1
m
r
t 1
i 2 3 1 1 0 1 0
j 3 1 0 1 1 2 1
t 2
i 1 2 0 0 0 0 1
j 3 0 0 1 1 2 1
t 3
n 3 1 2 B
j 3 1 0 1 1 2 1
m
r
t 1
I 2 D 0 1 0 0 0
j 3 0 0 1 1 2 1
t 2
n 2 2 4 D
j 3 0 0 1 1 3 1
t 3
n 3 1 3 D
j 3 1 0 1 1 3 1
m
r
t 1
i 2 4 0 1 0 0 0
j 3 0 0 1 1 3 1
t 2
n 2 1 1 B
j 3 1 0 1 1 3 1
t 3
I 1 C 1 0 0 1 1
j 3 0 0 1 1 3 1
m
r
t 1
n 1 5 ? ?
j 3 0 0 1 2 3 1
t 2
n 2 1 2 B
j 3 1 0 1 2 3 1
t 3
i 1 3 0 1 0 1 0
j 3 0 0 1 2 3 1
m
r
t 1
n 1 4 ? ?
j 3 0 0 1 3 3 1
t 2
n 2 1 3 A
j 3 1 0 1 3 3 1
t 3
I 2 D 0 1 0 0 0
j 3 0 0 1 3 3 1
m
r
t 1
n 1 1 ? ?
j 3 1 0 1 3 3 1
t 2
n 2 2 4 B
j 3 1 0 1 3 4 1
t 3
n 3 1 3 B
j 3 2 0 1 3 4 1
m
r
t 1
i 3 1 0 1 0 1 1
j 3 1 0 1 3 4 1
t 2
I 3 A 0 0 0 0 1
j 3 0 0 1 3 4 1
t 3
n 3 5 1 D
j 3 0 1 1 3 4 1
m
r
t 1
n 1 1 ? ?
j 3 1 1 1 3 4 1
t 2
n 2 1 2 D
j 3 2 1 1 3 4 1
t 3
n 3 1 4 C
j 3 3 1 1 3 4 1
m
r
t 1
i 3 4 1 0 1 0 0
j 3 2 1 1 3 4 1
t 2
I 3 C 1 0 0 0 0
j 3 1 1 1 3 4 1
t 3
n 3 1 4 E
j 3 1 1 1 4 4 1
m
r
t 1
n 1 1 ? ?
j 3 2 1 1 4 4 1
t 2
n 2 1 1 C
j 3 3 1 1 4 4 1
t 3
n 3 1 5 D
j 3 4 1 1 4 4 1
m
r
t 1
i 3 5 1 0 0 0 0
j 3 3 1 1 4 4 1
t 2
I 3 D 1 0 0 0 1
j 3 2 1 1 4 4 1
t 3
n 3 1 1 D
j 3 3 1 1 4 5 1
m
r
t 1
n 1 1 ? ?
j 3 4 1 1 4 5 1
t 2
n 2 1 5 E
j 3 5 1 1 4 5 1
t 3
n 3 1 1 A
j 3 6 1 1 4 5 1
m
r
t 1
n 1 1 ? ?
j 3 7 1 1 4 5 1
t 2
i 1 2 1 0 0 0 0
j 3 6 1 1 4 5 1
t 3
I 1 E 1 1 1 0 0
j 3 5 1 1 4 5 1
m
r
t 1
n 1 1 ? ?
j 3 5 1 1 4 5 2
t 2
n 2 1 2 E
j 3 6 1 1 4 5 2
t 3
n 3 1 2 A
j 3 7 1 1 4 5 2
m
r
t 1
n 1 2 ? ?
j 3 7 1 1 4 5 3
f 0
