p 6 4 1 7
n 1 1 ? ?
n 1 2 ? ?
n 1 3 ? ?
n 1 4 ? ?
n 1 5 ? ?
n 1 6 ? ?
n 2 1 6 C
n 2 2 1 F
n 2 3 2 C
n 2 4 4 E
n 2 5 1 D
n 2 6 4 D
n 3 1 1 D
n 3 2 1 E
n 3 3 1 B
n 3 4 4 E
n 3 5 6 D
n 3 6 5 D
n 4 1 1 C
n 4 2 5 D
n 4 3 5 A
n 4 4 6 E
n 4 5 2 D
n 4 6 4 A
j 3 8 0 0 0 0 0 0
t 1
I 2 F 0 1 0 0 0 0
j 3 7 0 0 0 0 0 0
t 2
n 2 2 1 E
j 3 7 0 0 0 0 0 1
t 3
i 4 1 1 0 0 0 0 0
j 3 6 0 0 0 0 0 1
t 4
n 4 1 5 C
j 3 6 0 0 1 0 0 1
m
r
t 1
i 2 2 0 0 1 0 0 0
j 3 5 0 0 1 0 0 1
t 2
n 2 3 3 A
j 3 5 0 0 2 0 0 1
t 3
i 1 1 1 0 1 0 0 0
j 3 4 0 0 2 0 0 1
t 4
I 3 B 0 0 1 0 0 0
j 3 3 0 0 2 0 0 1
m
r
t 1
i 2 1 0 1 0 0 1 0
j 3 2 0 0 2 0 0 1
t 2
I 1 E 0 1 1 0 0 0
j 3 1 0 0 2 0 0 1
t 3
n 3 3 5 B
j 3 1 0 1 2 0 0 1
t 4
I 2 E 0 1 0 1 0 0
j 3 0 0 1 2 0 0 1
m
r
t 1
n 1 3 ? ?
j 3 0 0 1 2 0 1 1
t 2
n 2 1 1 D
j 3 1 0 1 2 0 1 1
t 3
i 1 2 0 1 0 0 0 0
j 3 0 0 1 2 0 1 1
t 4
n 4 2 1 B
j 3 1 0 1 2 0 1 1
m
r
t 1
n 1 2 ? ?
j 3 1 0 1 2 0 2 1
t 2
i 3 1 1 1 0 0 0 0
j 3 0 0 1 2 0 2 1
t 3
n 3 1 1 B
j 3 1 0 1 2 0 2 1
t 4
i 2 1 1 1 0 0 1 0
j 3 0 0 1 2 0 2 1
m
r
t 1
n 1 1 ? ?
j 3 1 0 1 2 0 2 1
t 2
n 2 4 5 A
j 3 2 0 1 2 0 2 1
t 3
I 2 D 1 0 0 0 1 1
j 3 1 0 1 2 0 2 1
t 4
n 4 3 3 C
j 3 2 0 1 2 0 2 1
m
r
t 1
i 4 3 0 0 1 0 0 0
j 3 1 0 1 2 0 2 1
t 2
n 2 1 3 E
j 3 1 0 1 2 1 2 1
t 3
i 4 2 0 0 0 0 1 0
j 3 0 0 1 2 1 2 1
t 4
n 4 3 2 A
j 3 0 0 1 3 1 2 1
m
r
t 1
n 1 4 ? ?
j 3 1 0 1 3 1 2 1
t 2
I 4 D 0 0 0 0 1 0
j 3 0 0 1 3 1 2 1
t 3
n 3 2 4 B
j 3 1 0 1 3 1 2 1
t 4
n 4 5 4 F
j 3 1 0 1 3 2 2 1
m
r
t 1
i 2 3 1 0 1 0 0 0
j 3 0 0 1 3 2 2 1
t 2
n 2 5 6 B
j 3 1 0 1 3 2 2 1
t 3
I 1 D 0 0 0 0 0 1
j 3 0 0 1 3 2 2 1
t 4
n 4 4 5 C
j 3 1 0 1 3 2 2 1
m
r
t 1
n 1 6 ? ?
j 3 1 0 1 3 3 2 1
t 2
i 1 2 0 1 0 0 0 1
j 3 0 0 1 3 3 2 1
t 3
n 3 4 3 B
j 3 1 0 1 3 3 2 1
t 4
i 2 4 0 0 0 0 0 1
j 3 0 0 1 3 3 2 1
m
r
t 1
n 1 5 ? ?
j 3 1 0 1 3 3 2 1
t 2
n 2 6 2 E
j 3 1 0 1 3 4 2 1
t 3
i 1 2 0 1 0 0 1 1
j 3 0 0 1 3 4 2 1
t 4
n 4 6 6 A
j 3 1 0 1 3 4 2 1
m
r
t 1
I 2 E 1 1 0 0 0 1
j 3 0 0 1 3 4 2 1
t 2
n 2 1 3 E
j 3 0 0 1 3 4 3 1
t 3
n 3 5 4 A
j 3 1 0 1 3 4 3 1
t 4
I 3 D 0 0 0 0 0 1
j 3 0 0 1 3 4 3 1
m
r
t 1
n 1 3 ? ?
j 3 1 0 1 3 4 3 1
t 2
I 1 A 0 0 1 0 0 0
j 3 0 0 1 3 4 3 1
t 3
n 3 6 4 C
j 3 0 0 1 3 5 3 1
t 4
n 4 1 6 F
j 3 1 0 1 3 5 3 1
m
r
t 1
n 1 3 ? ?
j 3 1 1 1 3 5 3 1
t 2
I 3 C 0 0 0 0 0 1
j 3 0 1 1 3 5 3 1
t 3
n 3 6 3 A
j 3 0 1 1 4 5 3 1
t 4
n 4 2 2 B
j 3 1 1 1 4 5 3 1
m
r
t 1
I 4 B 0 1 0 0 0 0
j 3 0 1 1 4 5 3 1
t 2
n 2 2 5 F
j 3 1 1 1 4 5 3 1
t 3
i 4 5 0 0 0 1 0 0
j 3 0 1 1 4 5 3 1
t 4
n 4 2 2 A
j 3 0 1 2 4 5 3 1
m
r
t 1
n 1 2 ? ?
j 3 1 1 2 4 5 3 1
t 2
I 1 F 1 1 0 0 1 1
j 3 0 1 2 4 5 3 1
t 3
n 3 3 2 B
j 3 1 1 2 4 5 3 1
t 4
n 4 4 4 B
j 3 1 1 2 5 5 3 1
m
r
t 1
n 1 5 ? ?
j 3 1 1 2 5 5 3 2
t 2
i 1 3 0 1 0 0 1 0
j 3 0 1 2 5 5 3 2
t 3
n 3 1 3 F
j 3 1 1 2 5 5 3 2
t 4
I 3 F 1 0 0 0 0 0
j 3 0 1 2 5 5 3 2
m
r
t 1
n 1 2 ? ?
j 3 0 1 2 5 5 3 3
t 2
n 2 3 5 B
j 3 1 1 2 5 5 3 3
t 3
n 3 1 1 A
j 2 1 1 2 5 5 3 3
t 4
i 3 3 0 0 0 1 0 1
j 2 0 1 2 5 5 3 3
m
r
t 1
n 1 1 ? ?
j 2 1 1 2 5 5 3 3
t 2
I 3 B 0 1 1 1 0 0
j 2 0 1 2 5 5 3 3
t 3
n 3 4 5 E
j 2 0 1 3 5 5 3 3
t 4
n 4 3 1 A
j 2 1 1 3 5 5 3 3
m
r
t 1
i 4 2 0 1 0 0 0 0
j 2 0 1 3 5 5 3 3
t 2
n 2 4 4 C
j 2 1 1 3 5 5 3 3
t 3
I 4 B 0 0 0 1 0 0
j 2 0 1 3 5 5 3 3
t 4
n 4 2 4 D
j 2 0 2 3 5 5 3 3
m
r
t 1
n 1 4 ? ?
j 2 1 2 3 5 5 3 3
f 0
